0;0.254397
10;0.0117588
20;0.00163277
30;-0.00994085
40;-0.006833
50;-0.00932907
60;-0.011045
70;-0.00916591
80;0.0113848
90;0.040525
100;0.0433436
110;0.0492522
120;0.0548931
130;0.0482451
140;0.0430046
150;0.0432646
160;0.034149
170;0.0338077
180;0.0311967
190;0.0295667
200;0.0286366
210;0.0260439
220;0.0257648
230;0.0254373
240;0.0237607
250;0.0229565
260;0.0227267
270;0.0216908
280;0.0206926
290;0.0192613
300;0.0197104
310;0.0189936
320;0.0187983
330;0.0174212
340;0.0176373
350;0.0172077
360;0.0170194
370;0.0163305
380;0.016401
390;0.016025
400;0.0154936
410;0.0153904
420;0.0151813
430;0.014569
440;0.0146218
450;0.0139906
460;0.0139417
470;0.0141464
480;0.0138718
490;0.0133535
500;0.0133048
510;0.0133479
520;0.0129537
530;0.0126632
540;0.0124189
550;0.0122711
560;0.0121626
570;0.0123138
580;0.0121624
590;0.0118793
600;0.0117353
610;0.0117445
620;0.0113498
630;0.0114181
640;0.0114622
650;0.0111879
660;0.0111941
670;0.0110354
680;0.0108842
690;0.0106793
700;0.0107557
710;0.0107139
720;0.0105137
730;0.0103866
740;0.0103173
750;0.0102259
760;0.0101769
770;0.00994616
780;0.00998497
790;0.00999541
800;0.00989428
810;0.00966271
820;0.0097324
830;0.00962176
840;0.00963003
850;0.00953159
860;0.00950234
870;0.00935023
880;0.00928716
890;0.00922138
900;0.00916561
910;0.00913452
920;0.00908319
930;0.00890416
940;0.00888808
950;0.00888395
960;0.00885932
970;0.00880526
980;0.00874708
990;0.00863998
1000;0.00857854
1010;0.00850766
1020;0.00854372
1030;0.00847914
1040;0.00834553
1050;0.00830781
1060;0.00833786
1070;0.00830378
1080;0.0082126
1090;0.0081244
1100;0.0081952
1110;0.00808008
1120;0.00804912
1130;0.00795649
1140;0.00793585
1150;0.00794614
1160;0.00786933
1170;0.00781424
1180;0.00783227
1190;0.0077385
1200;0.00774903
1210;0.00768345
1220;0.00764259
1230;0.00762344
1240;0.00757255
1250;0.00756582
1260;0.00754182
1270;0.00747305
1280;0.00739474
1290;0.00743073
1300;0.00739742
1310;0.00730856
1320;0.00733131
1330;0.00728141
1340;0.00720752
1350;0.00726018
1360;0.00718341
1370;0.00716213
1380;0.0070919
1390;0.00710961
1400;0.00703892
1410;0.00706183
1420;0.00701466
1430;0.00698875
1440;0.00694252
1450;0.00694897
1460;0.00688743
1470;0.00689308
1480;0.00684943
1490;0.0068509
1500;0.00679783
1510;0.00674028
1520;0.00676781
1530;0.00675134
1540;0.00670263
1550;0.00664428
1560;0.00665222
1570;0.00665133
1580;0.00663225
1590;0.00660707
1600;0.00655273
1610;0.00652836
1620;0.0065301
1630;0.0064857
1640;0.00643295
1650;0.00643139
1660;0.0064201
1670;0.00641103
1680;0.00639109
1690;0.00636992
1700;0.00630557
1710;0.00631214
1720;0.00628573
1730;0.00628766
1740;0.00628081
1750;0.00624596
1760;0.00621418
1770;0.00619461
1780;0.00614866
1790;0.00618047
1800;0.0061542
1810;0.00612947
1820;0.00612378
1830;0.00609294
1840;0.00606342
1850;0.00604432
1860;0.00600378
1870;0.00598525
1880;0.00599106
1890;0.00595612
1900;0.00595006
1910;0.00595577
1920;0.00590857
1930;0.00589236
1940;0.00588603
1950;0.00586444
1960;0.00587421
1970;0.00582999
1980;0.00581965
1990;0.00580337
2000;0.0057868
2010;0.0057721
2020;0.00573407
2030;0.00574998
2040;0.00571915
2050;0.00568888
2060;0.00570436
2070;0.00566095
2080;0.00568053
2090;0.00565953
2100;0.00564436
2110;0.00563432
2120;0.0055995
2130;0.00559948
2140;0.00558068
2150;0.00556984
2160;0.00555563
2170;0.00551286
2180;0.00550763
2190;0.0055078
2200;0.00549899
2210;0.00548549
2220;0.00544941
2230;0.0054406
2240;0.00545404
2250;0.00541462
2260;0.00539719
2270;0.00539222
2280;0.00539248
2290;0.00537079
2300;0.0053666
2310;0.00535344
2320;0.00534886
2330;0.00530287
2340;0.0053119
2350;0.00528671
2360;0.00528707
2370;0.00527979
2380;0.00524877
2390;0.00525607
2400;0.00521966
2410;0.0052315
2420;0.0052
2430;0.00519271
2440;0.00519692
2450;0.00518203
2460;0.00518195
2470;0.00516622
2480;0.00515812
2490;0.00512805
2500;0.00512803
2510;0.00510246
2520;0.00508807
2530;0.00507435
2540;0.00506645
2550;0.00506657
2560;0.0050559
2570;0.00504173
2580;0.00502364
2590;0.00503079
2600;0.00502026
2610;0.0050033
2620;0.00498915
2630;0.00497855
2640;0.00496857
2650;0.00496121
2660;0.00495829
2670;0.00493151
2680;0.00494183
2690;0.00492197
2700;0.00491108
2710;0.00491106
2720;0.00489813
2730;0.00488229
2740;0.0048693
2750;0.00485756
2760;0.00484154
2770;0.00485154
2780;0.00484211
2790;0.00483189
2800;0.0048219
2810;0.00481863
2820;0.00479427
2830;0.00479163
2840;0.00477926
2850;0.00477585
2860;0.00475985
2870;0.00474836
2880;0.00473969
2890;0.00473968
2900;0.00473642
2910;0.00470478
2920;0.00471299
2930;0.00469257
2940;0.00469475
2950;0.00467808
2960;0.00467784
2970;0.00465321
2980;0.00465039
2990;0.00465317
3000;0.00463937
3010;0.0046363
3020;0.0046311
3030;0.00460413
3040;0.00461484
3050;0.00459287
3060;0.00460097
3070;0.00458189
3080;0.00457139
3090;0.00457122
3100;0.00456328
3110;0.00454707
3120;0.00453734
3130;0.00454263
3140;0.00452694
3150;0.00452907
3160;0.00451085
3170;0.00450065
3180;0.00448803
3190;0.0044882
3200;0.00448579
3210;0.00447106
3220;0.00445589
3230;0.00446586
3240;0.00444364
3250;0.0044485
3260;0.00442921
3270;0.00443627
3280;0.00442931
3290;0.00442406
3300;0.00441205
3310;0.00439276
3320;0.00439051
3330;0.00438839
3340;0.00437649
3350;0.00437657
3360;0.00435582
3370;0.00436491
3380;0.00435592
3390;0.00433522
3400;0.00433951
3410;0.00433455
3420;0.00432761
3430;0.00431647
3440;0.00430301
3450;0.00430054
3460;0.00429432
3470;0.00429437
3480;0.00428381
3490;0.00428148
3500;0.00426812
3510;0.00426172
3520;0.00425754
3530;0.00424638
3540;0.0042483
3550;0.00423792
3560;0.0042399
3570;0.00422973
3580;0.00421515
3590;0.00420678
3600;0.00421136
3610;0.00420496
3620;0.00419425
3630;0.0041841
3640;0.00417791
3650;0.0041701
3660;0.00416392
3670;0.00417008
3680;0.00415754
3690;0.0041514
3700;0.00414956
3710;0.00413217
3720;0.00413414
3730;0.00413394
3740;0.00412225
3750;0.00411459
3760;0.00410479
3770;0.00410849
3780;0.00409923
3790;0.00409891
3800;0.00409065
3810;0.00408498
3820;0.004081
3830;0.00406977
3840;0.0040619
3850;0.00405831
3860;0.00405253
3870;0.00404177
3880;0.00404743
3890;0.00403649
3900;0.00402921
3910;0.00401873
3920;0.00402052
3930;0.0040187
3940;0.00400942
3950;0.0040072
3960;0.00400199
3970;0.0039965
3980;0.00399109
3990;0.00398067
4000;0.00397559
4010;0.00397169
4020;0.00396965
4030;0.00395927
4040;0.00395896
4050;0.00394362
4060;0.00394521
4070;0.00394177
4080;0.00393689
4090;0.0039236
4100;0.00392531
4110;0.0039135
4120;0.0039168
4130;0.00391478
4140;0.00390491
4150;0.0038933
4160;0.00389817
4170;0.00389295
4180;0.00387827
4190;0.00387983
4200;0.00388143
4210;0.00387655
4220;0.00386549
4230;0.0038605
4240;0.00385097
4250;0.00385405
4260;0.00384483
4270;0.0038399
4280;0.00383983
4290;0.00382888
4300;0.00383207
4310;0.00382733
4320;0.00381626
4330;0.00381929
4340;0.00380673
4350;0.00380334
4360;0.00379893
4370;0.00379706
4380;0.00378952
4390;0.00378957
4400;0.00378032
4410;0.0037713
4420;0.00377136
4430;0.003767
4440;0.00376657
4450;0.00376048
4460;0.00375599
4470;0.0037545
4480;0.00374457
4490;0.0037387
4500;0.00373876
4510;0.00373427
4520;0.00373132
4530;0.00372117
4540;0.0037127
4550;0.00370985
4560;0.00370558
4570;0.00370705
4580;0.00369585
4590;0.00369186
4600;0.00369723
4610;0.00369167
4620;0.00368732
4630;0.00367741
4640;0.00367042
4650;0.00367464
4660;0.00366619
4670;0.00366363
4680;0.00365959
4690;0.00365936
4700;0.00364986
4710;0.0036474
4720;0.00364194
4730;0.00363951
4740;0.00363932
4750;0.00363125
4760;0.00362959
4770;0.00362568
4780;0.00361497
4790;0.00361895
4800;0.00360982
4810;0.0036086
4820;0.00359795
4830;0.00359911
4840;0.00359762
4850;0.00358616
4860;0.0035886
4870;0.00358582
4880;0.00358213
4890;0.00357818
4900;0.00357682
4910;0.00356411
4920;0.00356262
4930;0.00356138
4940;0.00355632
4950;0.00355481
4960;0.0035511
4970;0.00354463
4980;0.00354359
4990;0.00353961
5000;0.0035323
5010;0.00353232
5020;0.0035287
5030;0.00351891
5040;0.00351414
5050;0.00351165
5060;0.00351033
5070;0.0035078
5080;0.00350058
5090;0.00350405
5100;0.00349565
5110;0.00349325
5120;0.00348978
5130;0.00348485
5140;0.00347908
5150;0.00347456
5160;0.00347325
5170;0.0034744
5180;0.00346392
5190;0.00346714
5200;0.00346261
5210;0.00345557
5220;0.00345328
5230;0.00344976
5240;0.00345098
5250;0.00344419
5260;0.00343855
5270;0.00343611
5280;0.00343395
5290;0.00342937
5300;0.00342695
5310;0.00342026
5320;0.00342367
5330;0.00342023
5340;0.00341018
5350;0.00341031
5360;0.0034025
5370;0.00340359
5380;0.00339905
5390;0.00339892
5400;0.00339558
5410;0.00338591
5420;0.00338903
5430;0.00338694
5440;0.00338243
5450;0.00337909
5460;0.00337068
5470;0.00337172
5480;0.00336726
5490;0.00336293
5500;0.00335759
5510;0.00335865
5520;0.00335442
5530;0.00335128
5540;0.00334808
5550;0.00334902
5560;0.00334365
5570;0.00333449
5580;0.00333534
5590;0.00333219
5600;0.00332909
5610;0.00332607
5620;0.00331882
5630;0.00331876
5640;0.00331772
5650;0.00331166
5660;0.00331244
5670;0.00330946
5680;0.00330555
5690;0.00330044
5700;0.00330042
5710;0.00329239
5720;0.00329436
5730;0.00329123
5740;0.00328636
5750;0.00328518
5760;0.00327724
5770;0.00327428
5780;0.00327613
5790;0.00327137
5800;0.00326447
5810;0.00326542
5820;0.00326041
5830;0.00325844
5840;0.00325454
5850;0.00325551
5860;0.00325085
5870;0.00324607
5880;0.00324128
5890;0.00324214
5900;0.00323742
5910;0.00323842
5920;0.00323174
5930;0.00323277
5940;0.00322621
5950;0.00322692
5960;0.00322597
5970;0.00321845
5980;0.00321564
5990;0.00321747
6000;0.00321094
6010;0.00321002
6020;0.00320707
6030;0.00320258
6040;0.00320145
6050;0.00319876
6060;0.00319413
6070;0.00318782
6080;0.00318517
6090;0.00318519
6100;0.00318429
6110;0.00318326
6120;0.00317693
6130;0.0031769
6140;0.00317419
6150;0.00316801
6160;0.00316711
6170;0.00316539
6180;0.00316087
6190;0.00316081
6200;0.00315738
6210;0.00315381
6220;0.00315284
6230;0.00315002
6240;0.00314562
6250;0.00314561
6260;0.00314204
6270;0.00313937
6280;0.0031317
6290;0.00313259
6300;0.00312991
6310;0.00313073
6320;0.00312392
6330;0.0031231
6340;0.00312127
6350;0.00311964
6360;0.00311299
6370;0.00310876
6380;0.00310785
6390;0.00310615
6400;0.00310778
6410;0.00310104
6420;0.00309852
6430;0.00309937
6440;0.00309343
6450;0.00309016
6460;0.00309072
6470;0.00308827
6480;0.00308333
6490;0.00308087
6500;0.00307927
6510;0.00307667
6520;0.00307429
6530;0.00306942
6540;0.00306696
6550;0.00306538
6560;0.00306451
6570;0.00306222
6580;0.00305983
6590;0.00305815
6600;0.00305643
6610;0.00305161
6620;0.00304687
6630;0.00304759
6640;0.0030461
6650;0.00304298
6660;0.00303819
6670;0.0030381
6680;0.00303818
6690;0.00303506
6700;0.00303195
6710;0.00303019
6720;0.00302796
6730;0.00302394
6740;0.0030208
6750;0.00301924
6760;0.00301765
6770;0.00301382
6780;0.00301459
6790;0.00301074
6800;0.00300531
6810;0.0030045
6820;0.00299993
6830;0.00300215
6840;0.00299972
6850;0.00299746
6860;0.00299301
6870;0.00299009
6880;0.00298705
6890;0.00298485
6900;0.00298622
6910;0.00298548
6920;0.00298249
6930;0.00298099
6940;0.00297728
6950;0.00297584
6960;0.00297279
6970;0.00296843
6980;0.00296769
6990;0.00296398
7000;0.00296256
7010;0.00295892
7020;0.00296024
7030;0.00295305
7040;0.00295228
7050;0.00295289
7060;0.00294931
7070;0.00294787
7080;0.00294496
7090;0.0029442
7100;0.00294066
7110;0.00293986
7120;0.00293627
7130;0.00293553
7140;0.00293195
7150;0.00293188
7160;0.0029276
7170;0.00292551
7180;0.0029248
7190;0.00292192
7200;0.0029177
7210;0.00291695
7220;0.0029142
7230;0.00291406
7240;0.00291198
7250;0.00290645
7260;0.00290773
7270;0.00290574
7280;0.00290232
7290;0.00289951
7300;0.00289944
7310;0.00289472
7320;0.00289275
7330;0.00288937
7340;0.00289123
7350;0.00288788
7360;0.00288786
7370;0.00288313
7380;0.0028838
7390;0.00287908
7400;0.00287902
7410;0.00287699
7420;0.00287174
7430;0.00287167
7440;0.00286903
7450;0.00286895
7460;0.00286764
7470;0.00286505
7480;0.00285979
7490;0.00285912
7500;0.00285904
7510;0.00285576
7520;0.00285504
7530;0.00285178
7540;0.00284726
7550;0.00284662
7560;0.00284598
7570;0.00284331
7580;0.00284075
7590;0.00283946
7600;0.00283695
7610;0.0028356
7620;0.00283559
7630;0.00283113
7640;0.00283229
7650;0.00282914
7660;0.00282661
7670;0.00282276
7680;0.00282403
7690;0.00281837
7700;0.00282144
7710;0.00281459
7720;0.00281763
7730;0.00281201
7740;0.002812
7750;0.00280885
7760;0.00280883
7770;0.00280813
7780;0.00280262
7790;0.00280193
7800;0.00279938
7810;0.00279993
7820;0.0027981
7830;0.00279316
7840;0.00279013
7850;0.0027919
7860;0.00279007
7870;0.00278772
7880;0.00278651
7890;0.00278458
7900;0.00278152
7910;0.0027815
7920;0.00277904
7930;0.00277714
7940;0.00277545
7950;0.00277415
7960;0.00276942
7970;0.00276869
7980;0.00276633
7990;0.00276516
8000;0.00276394
8010;0.00276276
8020;0.00275979
8030;0.00275796
8040;0.00275387
8050;0.00275619
8060;0.00275376
8070;0.00275262
8080;0.00275082
8090;0.00274841
8100;0.0027455
8110;0.00274317
8120;0.00273974
8130;0.00274024
8140;0.00273971
8150;0.00273563
8160;0.00273277
8170;0.002735
8180;0.00273273
8190;0.00272876
8200;0.00272918
8210;0.00272581
8220;0.00272576
8230;0.00272241
8240;0.00272068
8250;0.00271733
8260;0.00271783
8270;0.00271502
8280;0.00271553
8290;0.00271443
8300;0.00271104
8310;0.00270718
8320;0.00270937
8330;0.00270604
8340;0.00270538
8350;0.00270267
8360;0.00270202
8370;0.00269873
8380;0.00269703
8390;0.00269596
8400;0.00269532
8410;0.00269096
8420;0.002691
8430;0.00269029
8440;0.00268871
8450;0.00268809
8460;0.00268213
8470;0.00268425
8480;0.0026821
8490;0.00268096
8500;0.00267872
8510;0.00267815
8520;0.00267434
8530;0.00267114
8540;0.00267057
8550;0.00267107
8560;0.0026689
8570;0.00266841
8580;0.00266471
8590;0.00266254
8600;0.00266203
8610;0.00265934
8620;0.00265929
8630;0.00265462
8640;0.00265305
8650;0.00265252
8660;0.00265403
8670;0.00265092
8680;0.00264878
8690;0.00264672
8700;0.00264567
8710;0.00264564
8720;0.00264453
8730;0.00264095
8740;0.00263832
8750;0.00263685
8760;0.00263779
8770;0.00263473
8780;0.00263467
8790;0.00263104
8800;0.00262998
8810;0.00262692
8820;0.00262489
8830;0.00262484
8840;0.00262435
8850;0.00262429
8860;0.00262228
8870;0.00262075
8880;0.00261866
8890;0.0026167
8900;0.00261415
8910;0.00261315
8920;0.00261166
8930;0.0026121
8940;0.0026106
8950;0.00260805
8960;0.0026061
8970;0.00260261
8980;0.00260406
8990;0.00260108
9000;0.00259908
9010;0.00259903
9020;0.00259809
9030;0.00259708
9040;0.0025946
9050;0.00259317
9060;0.00259217
9070;0.00258872
9080;0.00258585
9090;0.00258438
9100;0.00258436
9110;0.00258288
9120;0.00258141
9130;0.00258235
9140;0.00257948
9150;0.00257841
9160;0.00257557
9170;0.0025755
9180;0.00257216
9190;0.00257263
9200;0.00257111
9210;0.00256687
9220;0.00256546
9230;0.00256543
9240;0.00256401
9250;0.00256253
9260;0.00256016
9270;0.00256105
9280;0.00255778
9290;0.00255686
9300;0.0025559
9310;0.00255591
9320;0.00255309
9330;0.00255303
9340;0.00254838
9350;0.00254787
9360;0.00254741
9370;0.002546
9380;0.00254462
9390;0.00254402
9400;0.00254038
9410;0.00254037
9420;0.00254029
9430;0.00253836
9440;0.00253615
9450;0.0025352
9460;0.00253422
9470;0.0025333
9480;0.0025314
9490;0.00252826
9500;0.00252602
9510;0.00252776
9520;0.00252418
9530;0.00252187
9540;0.00252226
9550;0.00251916
9560;0.00252046
9570;0.00251728
9580;0.00251681
9590;0.00251634
9600;0.00251549
9610;0.00251233
9620;0.00251235
9630;0.00251094
9640;0.00250702
9650;0.002507
9660;0.00250565
9670;0.00250343
9680;0.00250424
9690;0.00250116
9700;0.00249939
9710;0.00249854
9720;0.00249808
9730;0.00249802
9740;0.00249533
9750;0.00249493
9760;0.0024927
9770;0.00249137
9780;0.00249135
9790;0.00248793
9800;0.00248874
9810;0.00248659
9820;0.00248571
9830;0.00248436
9840;0.00248093
9850;0.00248259
9860;0.00247959
9870;0.00247746
9880;0.00247575
9890;0.0024753
9900;0.00247528
9910;0.00247353
9920;0.00247269
9930;0.00247097
9940;0.00246841
9950;0.00246883
9960;0.00246546
9970;0.00246503
9980;0.00246496
9990;0.00246286
10000;0.00246119
10010;0.00246032
10020;0.00245953
10030;0.00245868
10040;0.00245575
10050;0.00245611
10060;0.00245484
10070;0.00245154
10080;0.0024523
10090;0.00245026
10100;0.00244857
10110;0.00244895
10120;0.00244487
10130;0.00244364
10140;0.00244358
10150;0.00244154
10160;0.00244233
10170;0.00244067
10180;0.00243985
10190;0.00243857
10200;0.00243737
10210;0.0024337
10220;0.00243405
10230;0.00243366
10240;0.00243119
10250;0.00243198
10260;0.00243074
10270;0.00242711
10280;0.00242511
10290;0.00242624
10300;0.00242508
10310;0.00242463
10320;0.00242141
10330;0.00242063
10340;0.00241785
10350;0.00241896
10360;0.00241776
10370;0.00241462
10380;0.00241382
10390;0.00241421
10400;0.00241297
10410;0.00241061
10420;0.00240831
10430;0.00240943
10440;0.00240634
10450;0.00240515
10460;0.0024044
10470;0.00240472
10480;0.00240347
10490;0.00240001
10500;0.00240116
10510;0.00239921
10520;0.00239647
10530;0.00239684
10540;0.00239643
10550;0.00239294
10560;0.00239179
10570;0.00239174
10580;0.00239058
10590;0.00238942
10600;0.00238978
10610;0.00238746
10620;0.00238783
10630;0.00238588
10640;0.00238249
10650;0.00238323
10660;0.0023824
10670;0.00237939
10680;0.00237788
10690;0.00237825
10700;0.00237595
10710;0.00237446
10720;0.00237404
10730;0.00237438
10740;0.00237364
10750;0.00237063
10760;0.00237027
10770;0.00236908
10780;0.00236726
10790;0.00236647
10800;0.00236463
10810;0.00236532
10820;0.00236348
10830;0.00236343
10840;0.0023619
10850;0.00236081
10860;0.00235855
10870;0.00235635
10880;0.00235738
10890;0.00235446
10900;0.00235301
10910;0.00235408
10920;0.00235221
10930;0.00235113
10940;0.00235074
10950;0.00234781
10960;0.00234846
10970;0.00234666
10980;0.00234554
10990;0.0023444
11000;0.0023433
11010;0.00234295
11020;0.00234182
11030;0.00233968
11040;0.00233899
11050;0.00233858
11060;0.00233676
11070;0.00233567
11080;0.00233388
11090;0.00233424
11100;0.00233241
11110;0.00233202
11120;0.00233093
11130;0.00232983
11140;0.00232881
11150;0.00232563
11160;0.00232558
11170;0.00232524
11180;0.00232242
11190;0.00232169
11200;0.00232234
11210;0.00232025
11220;0.0023185
11230;0.00231919
11240;0.00231604
11250;0.00231639
11260;0.00231565
11270;0.00231561
11280;0.00231315
11290;0.00231211
11300;0.0023121
11310;0.00230964
11320;0.0023086
11330;0.00230893
11340;0.00230548
11350;0.00230644
11360;0.00230539
11370;0.00230299
11380;0.0023033
11390;0.00230229
11400;0.0022999
11410;0.00230085
11420;0.00229844
11430;0.0022974
11440;0.00229538
11450;0.00229539
11460;0.00229497
11470;0.00229463
11480;0.00229225
11490;0.00229058
11500;0.00229022
11510;0.00229022
11520;0.00228887
11530;0.0022865
11540;0.00228552
11550;0.00228577
11560;0.00228474
11570;0.00228178
11580;0.00228273
11590;0.00228176
11600;0.00227975
11610;0.00227942
11620;0.00227773
11630;0.00227672
11640;0.00227505
11650;0.00227442
11660;0.00227338
11670;0.00227367
11680;0.0022717
11690;0.00227165
11700;0.00227067
11710;0.00226964
11720;0.002268
11730;0.00226799
11740;0.00226474
11750;0.00226602
11760;0.00226407
11770;0.00226308
11780;0.00226208
11790;0.00226234
11800;0.0022591
11810;0.00226004
11820;0.00225683
11830;0.00225773
11840;0.00225552
11850;0.00225581
11860;0.00225419
11870;0.00225222
11880;0.00225155
11890;0.0022509
11900;0.00225058
11910;0.00224988
11920;0.00224891
11930;0.00224793
11940;0.00224509
11950;0.00224474
11960;0.00224503
11970;0.00224222
11980;0.0022431
11990;0.00224156
12000;0.00224183
12010;0.00223995
12020;0.0022399
12030;0.00223767
12040;0.00223733
12050;0.00223519
12060;0.00223484
12070;0.00223385
12080;0.00223351
12090;0.00223255
12100;0.00223223
12110;0.00223068
12120;0.00222908
12130;0.00222756
12140;0.00222842
12150;0.00222504
12160;0.00222473
12170;0.00222559
12180;0.00222436
12190;0.00222218
12200;0.00222094
12210;0.00221943
12220;0.00222027
12230;0.00221784
12240;0.00221844
12250;0.00221657
12260;0.00221656
12270;0.00221438
12280;0.00221406
12290;0.00221373
12300;0.0022119
12310;0.00221096
12320;0.00221036
12330;0.00220911
12340;0.00220819
12350;0.00220848
12360;0.00220576
12370;0.00220456
12380;0.00220602
12390;0.00220332
12400;0.00220244
12410;0.00220153
12420;0.0022018
12430;0.00220084
12440;0.00219876
12450;0.00219847
12460;0.00219815
12470;0.00219633
12480;0.00219484
12490;0.00219513
12500;0.00219452
12510;0.00219272
12520;0.00219152
12530;0.00219178
12540;0.00219087
12550;0.00219057
12560;0.00218907
12570;0.00218731
12580;0.00218729
12590;0.00218613
12600;0.00218492
12610;0.00218407
12620;0.00218431
12630;0.00218225
12640;0.00218194
12650;0.0021802
12660;0.00217906
12670;0.00217928
12680;0.00217754
12690;0.00217667
12700;0.00217662
12710;0.00217433
12720;0.00217486
12730;0.00217314
12740;0.00217311
12750;0.00217138
12760;0.00217134
12770;0.0021699
12780;0.0021682
12790;0.00216876
12800;0.00216703
12810;0.00216533
12820;0.0021656
12830;0.00216469
12840;0.00216413
12850;0.00216185
12860;0.00216297
12870;0.00216097
12880;0.00216038
12890;0.00215952
12900;0.00215977
12910;0.00215863
12920;0.00215746
12930;0.00215605
12940;0.00215465
12950;0.00215407
12960;0.00215434
12970;0.00215264
12980;0.00215068
12990;0.00215096
13000;0.00215037
13010;0.0021484
13020;0.00214841
13030;0.00214753
13040;0.00214641
13050;0.00214475
13060;0.00214473
13070;0.00214527
13080;0.00214386
13090;0.00214221
13100;0.00214194
13110;0.00213972
13120;0.00213999
13130;0.00213966
13140;0.00213831
13150;0.00213797
13160;0.00213634
13170;0.0021347
13180;0.00213413
13190;0.00213358
13200;0.00213223
13210;0.0021314
13220;0.00213163
13230;0.00213137
13240;0.00212997
13250;0.00213022
13260;0.00212913
13270;0.00212801
13280;0.00212665
13290;0.00212636
13300;0.00212501
13310;0.00212475
13320;0.00212233
13330;0.00212308
13340;0.00212254
13350;0.00212064
13360;0.00212063
13370;0.00211899
13380;0.00211765
13390;0.00211737
13400;0.00211734
13410;0.00211498
13420;0.00211521
13430;0.00211492
13440;0.00211362
13450;0.00211333
13460;0.0021125
13470;0.00211172
13480;0.00211011
13490;0.00210854
13500;0.0021093
13510;0.00210824
13520;0.00210766
13530;0.00210634
13540;0.00210609
13550;0.00210504
13560;0.00210394
13570;0.00210366
13580;0.00210288
13590;0.00210103
13600;0.00209998
13610;0.00209895
13620;0.00209918
13630;0.00209813
13640;0.00209735
13650;0.00209681
13660;0.00209681
13670;0.00209425
13680;0.00209421
13690;0.00209291
13700;0.00209392
13710;0.0020926
13720;0.00209181
13730;0.00209003
13740;0.00208901
13750;0.00208977
13760;0.00208821
13770;0.00208793
13780;0.00208714
13790;0.00208487
13800;0.00208586
13810;0.0020848
13820;0.00208304
13830;0.00208177
13840;0.00208247
13850;0.00208097
13860;0.00208045
13870;0.00207995
13880;0.0020794
13890;0.00207862
13900;0.00207712
13910;0.00207634
13920;0.00207535
13930;0.00207508
13940;0.00207404
13950;0.00207327
13960;0.00207275
13970;0.00207247
13980;0.00207122
13990;0.00207095
14000;0.0020697
14010;0.00206896
14020;0.00206772
14030;0.00206718
14040;0.00206716
14050;0.00206691
14060;0.00206519
14070;0.00206489
14080;0.00206365
14090;0.00206292
14100;0.00206216
14110;0.00206142
14120;0.00206091
14130;0.00205966
14140;0.00205842
14150;0.00205815
14160;0.00205791
14170;0.00205596
14180;0.0020569
14190;0.00205469
14200;0.00205443
14210;0.0020544
14220;0.00205318
14230;0.00205173
14240;0.00205196
14250;0.00205073
14260;0.00205025
14270;0.00205046
14280;0.00204971
14290;0.00204851
14300;0.00204752
14310;0.00204703
14320;0.00204533
14330;0.00204557
14340;0.00204437
14350;0.00204314
14360;0.00204335
14370;0.00204192
14380;0.0020405
14390;0.0020407
14400;0.00203927
14410;0.00203832
14420;0.00203947
14430;0.00203782
14440;0.00203707
14450;0.00203681
14460;0.00203566
14470;0.00203491
14480;0.00203376
14490;0.0020335
14500;0.00203276
14510;0.0020318
14520;0.00203131
14530;0.00203014
14540;0.00203034
14550;0.00202825
14560;0.0020289
14570;0.00202818
14580;0.00202704
14590;0.00202722
14600;0.00202603
14610;0.0020258
14620;0.0020244
14630;0.00202322
14640;0.00202184
14650;0.00202251
14660;0.00202042
14670;0.00202062
14680;0.0020195
14690;0.00201991
14700;0.00201853
14710;0.00201711
14720;0.00201733
14730;0.0020173
14740;0.0020157
14750;0.00201589
14760;0.0020136
14770;0.00201402
14780;0.00201356
14790;0.00201128
14800;0.00201105
14810;0.00201122
14820;0.00201008
14830;0.00200939
14840;0.00200782
14850;0.00200735
14860;0.00200667
14870;0.00200619
14880;0.00200685
14890;0.00200459
14900;0.0020048
14910;0.00200477
14920;0.0020023
14930;0.00200318
14940;0.00200226
14950;0.00200089
14960;0.00200086
14970;0.00199998
14980;0.00199905
14990;0.00199839
15000;0.00199815
15010;0.00199635
15020;0.00199632
15030;0.00199523
15040;0.00199432
15050;0.00199432
15060;0.00199429
15070;0.00199337
15080;0.00199229
15090;0.00199202
15100;0.00199136
15110;0.00198936
15120;0.00198998
15130;0.00198954
15140;0.00198797
15150;0.0019884
15160;0.00198663
15170;0.00198641
15180;0.00198485
15190;0.00198397
15200;0.00198372
15210;0.00198435
15220;0.0019828
15230;0.00198193
15240;0.00198148
15250;0.0019806
15260;0.00197931
15270;0.00197993
15280;0.00197842
15290;0.00197816
15300;0.00197792
15310;0.00197725
15320;0.00197703
15330;0.00197466
15340;0.00197485
15350;0.00197419
15360;0.00197332
15370;0.00197289
15380;0.00197244
15390;0.00197114
15400;0.00197068
15410;0.00197025
15420;0.00196873
15430;0.00196977
15440;0.00196806
15450;0.00196826
15460;0.00196699
15470;0.00196675
15480;0.00196607
15490;0.00196542
15500;0.00196373
15510;0.00196394
15520;0.0019635
15530;0.00196221
15540;0.00196221
15550;0.00196153
15560;0.00196112
15570;0.00196024
15580;0.00195856
15590;0.00195897
15600;0.00195789
15610;0.00195808
15620;0.00195701
15630;0.00195637
15640;0.00195554
15650;0.00195551
15660;0.00195405
15670;0.0019538
15680;0.00195213
15690;0.00195294
15700;0.00195191
15710;0.00195084
15720;0.00195001
15730;0.00194958
15740;0.00194897
15750;0.00194894
15760;0.00194687
15770;0.00194788
15780;0.00194604
15790;0.00194582
15800;0.00194539
15810;0.00194433
15820;0.0019443
15830;0.0019433
15840;0.00194264
15850;0.00194241
15860;0.00194058
15870;0.00194078
15880;0.00194053
15890;0.00193953
15900;0.00193931
15910;0.00193747
15920;0.00193803
15930;0.00193682
15940;0.00193682
15950;0.00193639
15960;0.00193597
15970;0.00193413
15980;0.00193453
15990;0.00193369
16000;0.00193247
16010;0.00193207
16020;0.00193225
16030;0.00193062
16040;0.00193081
16050;0.00192997
16060;0.00192877
16070;0.00192895
16080;0.00192811
16090;0.00192732
16100;0.0019269
16110;0.00192626
16120;0.00192467
16130;0.00192506
16140;0.00192442
16150;0.00192381
16160;0.00192262
16170;0.00192143
16180;0.00192082
16190;0.00192141
16200;0.00192
16210;0.0019198
16220;0.00191898
16230;0.00191897
16240;0.00191719
16250;0.00191715
16260;0.00191713
16270;0.00191616
16280;0.00191554
16290;0.00191573
16300;0.00191395
16310;0.00191297
16320;0.00191295
16330;0.00191219
16340;0.00191254
16350;0.00191058
16360;0.00191036
16370;0.00190939
16380;0.00191034
16390;0.00190896
16400;0.00190838
16410;0.00190776
16420;0.00190755
16430;0.00190622
16440;0.00190579
16450;0.00190501
16460;0.00190445
16470;0.00190364
16480;0.00190361
16490;0.0019038
16500;0.00190243
16510;0.00190186
16520;0.0019005
16530;0.0018999
16540;0.00190046
16550;0.00189928
16560;0.00189813
16570;0.00189869
16580;0.00189774
16590;0.00189639
16600;0.00189636
16610;0.00189635
16620;0.00189558
16630;0.00189405
16640;0.00189461
16650;0.00189421
16660;0.00189305
16670;0.00189249
16680;0.00189171
16690;0.00189151
16700;0.00189038
16710;0.00188941
16720;0.00188994
16730;0.00188938
16740;0.00188844
16750;0.00188804
16760;0.00188707
16770;0.00188725
16780;0.00188575
16790;0.00188479
16800;0.0018844
16810;0.00188401
16820;0.00188417
16830;0.00188343
16840;0.00188302
16850;0.00188174
16860;0.00188172
16870;0.00188039
16880;0.00188003
16890;0.00188
16900;0.00187889
16910;0.00187869
16920;0.0018781
16930;0.00187755
16940;0.00187659
16950;0.00187658
16960;0.00187584
16970;0.00187491
16980;0.00187397
16990;0.00187358
17000;0.00187429
17010;0.00187334
17020;0.00187224
17030;0.00187186
17040;0.0018715
17050;0.00187094
17060;0.00187054
17070;0.00186982
17080;0.00186888
17090;0.00186831
17100;0.00186776
17110;0.00186684
17120;0.00186664
17130;0.00186593
17140;0.00186608
17150;0.00186571
17160;0.00186407
17170;0.00186387
17180;0.00186279
17190;0.00186241
17200;0.00186187
17210;0.00186184
17220;0.00186131
17230;0.00186128
17240;0.00186053
17250;0.00185892
17260;0.00185837
17270;0.00185782
17280;0.00185834
17290;0.00185706
17300;0.00185758
17310;0.00185666
17320;0.00185576
17330;0.00185521
17340;0.00185414
17350;0.00185394
17360;0.00185287
17370;0.00185357
17380;0.00185282
17390;0.00185264
17400;0.00185103
17410;0.00185118
17420;0.00185031
17430;0.00184975
17440;0.00184992
17450;0.00184849
17460;0.00184883
17470;0.00184725
17480;0.00184705
17490;0.00184685
17500;0.00184629
17510;0.00184575
17520;0.0018447
17530;0.00184398
17540;0.0018438
17550;0.0018436
17560;0.00184342
17570;0.00184288
17580;0.001842
17590;0.00184041
17600;0.00184059
17610;0.00183935
17620;0.00183917
17630;0.00183828
17640;0.00183843
17650;0.00183722
17660;0.00183668
17670;0.00183683
17680;0.00183666
17690;0.00183612
17700;0.00183557
17710;0.00183402
17720;0.00183452
17730;0.00183433
17740;0.00183329
17750;0.00183224
17760;0.00183205
17770;0.00183085
17780;0.00183152
17790;0.00183082
17800;0.00183027
17810;0.00182943
17820;0.00182924
17830;0.00182803
17840;0.00182803
17850;0.00182764
17860;0.00182662
17870;0.00182628
17880;0.00182642
17890;0.0018259
17900;0.00182505
17910;0.00182419
17920;0.00182331
17930;0.00182279
17940;0.00182262
17950;0.00182211
17960;0.00182157
17970;0.00182074
17980;0.00181987
17990;0.00182003
18000;0.00181884
18010;0.00181931
18020;0.0018188
18030;0.00181795
18040;0.00181776
18050;0.00181676
18060;0.00181659
18070;0.00181524
18080;0.00181522
18090;0.00181471
18100;0.00181437
18110;0.00181384
18120;0.00181335
18130;0.00181283
18140;0.00181281
18150;0.00181211
18160;0.00181194
18170;0.00181127
18180;0.00180961
18190;0.00180925
18200;0.00180859
18210;0.00180873
18220;0.00180873
18230;0.00180822
18240;0.00180721
18250;0.00180654
18260;0.00180587
18270;0.00180553
18280;0.00180569
18290;0.00180405
18300;0.00180403
18310;0.00180353
18320;0.00180384
18330;0.00180236
18340;0.00180268
18350;0.00180185
18360;0.00180102
18370;0.00180101
18380;0.00179954
18390;0.00179936
18400;0.00179967
18410;0.00179899
18420;0.00179802
18430;0.00179801
18440;0.00179749
18450;0.00179652
18460;0.00179602
18470;0.0017957
18480;0.00179471
18490;0.00179469
18500;0.00179404
18510;0.00179419
18520;0.00179354
18530;0.0017927
18540;0.00179254
18550;0.00179155
18560;0.00179059
18570;0.0017901
18580;0.00178993
18590;0.00178912
18600;0.00178909
18610;0.00178844
18620;0.00178826
18630;0.00178808
18640;0.00178697
18650;0.00178712
18660;0.00178615
18670;0.00178565
18680;0.00178532
18690;0.00178421
18700;0.00178372
18710;0.00178386
18720;0.00178322
18730;0.0017829
18740;0.00178177
18750;0.00178224
18760;0.00178126
18770;0.00178124
18780;0.00178045
18790;0.00177996
18800;0.00177886
18810;0.00177929
18820;0.00177819
18830;0.00177771
18840;0.00177786
18850;0.00177753
18860;0.00177674
18870;0.00177625
18880;0.00177577
18890;0.00177559
18900;0.00177464
18910;0.00177448
18920;0.00177337
18930;0.00177337
18940;0.00177335
18950;0.00177272
18960;0.00177224
18970;0.00177114
18980;0.00177129
18990;0.00177064
19000;0.00177016
19010;0.00176893
19020;0.00176831
19030;0.00176906
19040;0.00176798
19050;0.00176778
19060;0.00176731
19070;0.00176608
19080;0.00176608
19090;0.0017656
19100;0.00176541
19110;0.0017648
19120;0.00176478
19130;0.00176369
19140;0.00176322
19150;0.00176277
19160;0.0017626
19170;0.00176242
19180;0.00176106
19190;0.00176089
19200;0.00176025
19210;0.00176025
19220;0.00175976
19230;0.00175961
19240;0.00175838
19250;0.00175761
19260;0.00175806
19270;0.00175668
19280;0.00175608
19290;0.00175637
19300;0.00175574
19310;0.00175528
19320;0.00175481
19330;0.0017539
19340;0.0017536
19350;0.00175313
19360;0.00175355
19370;0.00175294
19380;0.00175143
19390;0.00175187
19400;0.00175082
19410;0.00175049
19420;0.00175003
19430;0.00174973
19440;0.00174954
19450;0.00174939
19460;0.00174849
19470;0.00174816
19480;0.00174772
19490;0.00174637
19500;0.00174649
19510;0.00174546
19520;0.00174561
19530;0.00174515
19540;0.00174484
19550;0.00174422
19560;0.00174393
19570;0.00174362
19580;0.00174303
19590;0.00174272
19600;0.00174137
19610;0.0017418
19620;0.0017412
19630;0.00174075
19640;0.00173999
19650;0.0017397
19660;0.00173923
19670;0.00173923
19680;0.00173861
19690;0.00173789
19700;0.00173685
19710;0.00173699
19720;0.0017368
19730;0.00173651
19740;0.00173547
19750;0.00173474
19760;0.00173487
19770;0.00173412
19780;0.00173325
19790;0.00173323
19800;0.00173236
19810;0.00173277
19820;0.00173248
19830;0.00173161
19840;0.00173143
19850;0.00173086
19860;0.00173069
19870;0.00173009
19880;0.0017298
19890;0.0017285
19900;0.00172892
19910;0.00172831
19920;0.00172745
19930;0.0017273
19940;0.00172714
19950;0.00172598
19960;0.0017254
19970;0.00172595
19980;0.00172521
19990;0.00172423
20000;0.00172433
20010;0.00172377
20020;0.00172361
20030;0.00172275
20040;0.00172216
20050;0.00172229
20060;0.00172086
20070;0.00172098
20080;0.00172028
20090;0.0017204
20100;0.00171982
20110;0.00171925
20120;0.00171866
20130;0.00171822
20140;0.00171836
20150;0.00171792
20160;0.00171721
20170;0.00171607
20180;0.00171593
20190;0.00171603
20200;0.00171533
20210;0.00171545
20220;0.00171431
20230;0.0017136
20240;0.00171358
20250;0.00171345
20260;0.00171315
20270;0.00171245
20280;0.00171202
20290;0.0017117
20300;0.00171129
20310;0.00171113
20320;0.00171
20330;0.00171013
20340;0.00170928
20350;0.00170844
20360;0.00170844
20370;0.00170828
20380;0.00170772
20390;0.00170714
20400;0.00170699
20410;0.00170575
20420;0.00170546
20430;0.00170544
20440;0.00170528
20450;0.00170405
20460;0.00170472
20470;0.00170346
20480;0.00170333
20490;0.00170315
20500;0.00170232
20510;0.00170218
20520;0.00170175
20530;0.00170145
20540;0.00170102
20550;0.00170019
20560;0.00170017
20570;0.00169935
20580;0.00169933
20590;0.00169891
20600;0.0016985
20610;0.0016978
20620;0.00169724
20630;0.00169751
20640;0.00169601
20650;0.00169627
20660;0.00169572
20670;0.0016957
20680;0.0016946
20690;0.00169392
20700;0.00169403
20710;0.00169336
20720;0.00169348
20730;0.00169251
20740;0.00169211
20750;0.00169196
20760;0.00169207
20770;0.00169152
20780;0.00169097
20790;0.00169081
20800;0.00168961
20810;0.00168906
20820;0.00168891
20830;0.00168862
20840;0.00168768
20850;0.00168807
20860;0.00168699
20870;0.00168684
20880;0.00168643
20890;0.00168642
20900;0.00168588
20910;0.00168573
20920;0.00168478
20930;0.00168452
20940;0.00168384
20950;0.00168316
20960;0.00168355
20970;0.00168287
20980;0.00168245
20990;0.00168152
21000;0.0016815
21010;0.00168109
21020;0.00168082
21030;0.00168027
21040;0.00167999
21050;0.00167999
21060;0.00167943
21070;0.0016785
21080;0.0016785
21090;0.00167848
21100;0.0016773
21110;0.00167662
21120;0.00167726
21130;0.0016762
21140;0.00167632
21150;0.00167539
21160;0.00167473
21170;0.00167458
21180;0.00167392
21190;0.00167418
21200;0.00167351
21210;0.00167259
21220;0.00167219
21230;0.00167192
21240;0.00167177
21250;0.00167098
21260;0.00167135
21270;0.00167057
21280;0.0016703
21290;0.00167015
21300;0.00166912
21310;0.00166937
21320;0.00166895
21330;0.00166792
21340;0.00166817
21350;0.00166776
21360;0.0016675
21370;0.00166697
21380;0.0016663
21390;0.0016663
21400;0.00166513
21410;0.00166473
21420;0.00166447
21430;0.00166419
21440;0.00166393
21450;0.00166404
21460;0.00166338
21470;0.00166247
21480;0.0016622
21490;0.0016617
21500;0.00166154
21510;0.00166128
21520;0.00166063
21530;0.00166036
21540;0.00166021
21550;0.00165959
21560;0.00165932
21570;0.00165829
21580;0.00165891
21590;0.00165788
21600;0.00165736
21610;0.00165736
21620;0.00165683
21630;0.00165594
21640;0.0016563
21650;0.00165516
21660;0.0016549
21670;0.00165514
21680;0.001654
21690;0.00165386
21700;0.00165347
21710;0.00165357
21720;0.00165318
21730;0.00165218
21740;0.00165267
21750;0.00165128
21760;0.00165139
21770;0.00165088
21780;0.00165063
21790;0.00165047
21800;0.00164984
21810;0.00164896
21820;0.00164957
21830;0.00164894
21840;0.00164856
21850;0.00164829
21860;0.00164728
21870;0.00164728
21880;0.00164726
21890;0.00164663
21900;0.00164625
21910;0.00164585
21920;0.00164485
21930;0.00164521
21940;0.00164483
21950;0.00164359
21960;0.0016437
21970;0.00164282
21980;0.00164244
21990;0.00164279
22000;0.0016424
22010;0.00164154
22020;0.00164165
22030;0.00164127
22040;0.00164041
22050;0.0016405
22060;0.00164012
22070;0.00163988
22080;0.00163864
22090;0.00163862
22100;0.00163874
22110;0.00163787
22120;0.00163762
22130;0.00163747
22140;0.00163661
22150;0.00163672
22160;0.00163574
22170;0.00163561
22180;0.00163523
22190;0.00163498
22200;0.00163461
22210;0.00163435
22220;0.00163384
22230;0.00163299
22240;0.00163261
22250;0.0016326
22260;0.00163258
22270;0.00163199
22280;0.0016316
22290;0.00163135
22300;0.00163049
22310;0.00163035
22320;0.00162986
22330;0.00162951
22340;0.00162959
22350;0.00162863
22360;0.00162875
22370;0.00162789
22380;0.00162836
22390;0.00162773
22400;0.00162726
22410;0.00162677
22420;0.00162662
22430;0.0016259
22440;0.00162566
22450;0.00162506
22460;0.00162527
22470;0.00162456
22480;0.00162417
22490;0.00162403
22500;0.00162366
22510;0.00162284
22520;0.00162293
22530;0.00162234
22540;0.00162196
22550;0.00162124
22560;0.00162122
22570;0.00162039
22580;0.00162062
22590;0.00162001
22600;0.00162
22610;0.00161964
22620;0.00161926
22630;0.00161879
22640;0.00161854
22650;0.0016177
22660;0.00161735
22670;0.00161768
22680;0.00161673
22690;0.00161625
22700;0.00161577
22710;0.00161598
22720;0.00161586
22730;0.00161539
22740;0.00161489
22750;0.00161477
22760;0.00161418
22770;0.0016137
22780;0.00161346
22790;0.00161332
22800;0.00161273
22810;0.00161236
22820;0.00161132
22830;0.00161154
22840;0.0016113
22850;0.00161024
22860;0.00161056
22870;0.00161033
22880;0.00160916
22890;0.00160927
22900;0.00160856
22910;0.0016082
22920;0.00160773
22930;0.0016076
22940;0.00160771
22950;0.00160735
22960;0.00160664
22970;0.00160605
22980;0.00160558
22990;0.00160557
23000;0.00160555
23010;0.00160532
23020;0.00160496
23030;0.00160438
23040;0.00160413
23050;0.00160354
23060;0.00160354
23070;0.0016033
23080;0.00160249
23090;0.00160214
23100;0.00160166
23110;0.00160154
23120;0.00160073
23130;0.00160096
23140;0.00160059
23150;0.00160003
23160;0.00159955
23170;0.00159954
23180;0.00159885
23190;0.00159885
23200;0.00159849
23210;0.00159825
23220;0.00159778
23230;0.00159709
23240;0.00159707
23250;0.00159639
23260;0.00159604
23270;0.00159535
23280;0.00159545
23290;0.00159555
23300;0.00159509
23310;0.00159462
23320;0.00159429
23330;0.00159337
23340;0.00159291
23350;0.00159346
23360;0.00159255
23370;0.00159232
23380;0.00159197
23390;0.00159162
23400;0.00159162
23410;0.00159093
23420;0.00159047
23430;0.00159025
23440;0.00159012
23450;0.00158922
23460;0.00158942
23470;0.00158874
23480;0.00158896
23490;0.00158838
23500;0.00158816
23510;0.00158781
23520;0.0015868
23530;0.00158667
23540;0.00158644
23550;0.00158609
23560;0.0015862
23570;0.00158564
23580;0.00158507
23590;0.00158494
23600;0.0015846
23610;0.00158382
23620;0.0015837
23630;0.00158293
23640;0.00158291
23650;0.00158312
23660;0.0015819
23670;0.00158167
23680;0.00158122
23690;0.00158121
23700;0.00158131
23710;0.00158042
23720;0.00158051
23730;0.00157974
23740;0.00157951
23750;0.00157949
23760;0.00157883
23770;0.00157883
23780;0.00157794
23790;0.00157782
23800;0.0015776
23810;0.00157682
23820;0.00157735
23830;0.00157659
23840;0.00157646
23850;0.00157591
23860;0.00157578
23870;0.00157524
23880;0.00157479
23890;0.00157477
23900;0.00157422
23910;0.00157356
23920;0.00157367
23930;0.00157343
23940;0.00157288
23950;0.00157223
23960;0.00157233
23970;0.00157188
23980;0.00157176
23990;0.00157164
24000;0.00157066
24010;0.00157076
24020;0.00157033
24030;0.00156977
24040;0.00156966
24050;0.00156879
24060;0.00156921
24070;0.00156877
24080;0.001568
24090;0.00156756
24100;0.00156787
24110;0.00156721
24120;0.00156678
24130;0.00156688
24140;0.00156644
24150;0.00156547
24160;0.00156546
24170;0.00156556
24180;0.00156492
24190;0.00156478
24200;0.00156393
24210;0.00156403
24220;0.00156379
24230;0.00156294
24240;0.00156336
24250;0.00156218
24260;0.0015627
24270;0.00156152
24280;0.00156182
24290;0.0015613
24300;0.00156107
24310;0.00156064
24320;0.00156073
24330;0.00156018
24340;0.00155986
24350;0.00155975
24360;0.00155932
24370;0.00155888
24380;0.00155866
24390;0.0015576
24400;0.00155749
24410;0.00155738
24420;0.00155726
24430;0.00155661
24440;0.0015566
24450;0.00155596
24460;0.00155533
24470;0.00155563
24480;0.00155531
24490;0.00155497
24500;0.00155423
24510;0.00155413
24520;0.00155411
24530;0.00155348
24540;0.00155336
24550;0.00155283
24560;0.00155209
24570;0.00155219
24580;0.00155185
24590;0.00155155
24600;0.00155143
24610;0.00155058
24620;0.00155077
24630;0.00154984
24640;0.00155013
24650;0.00154942
24660;0.0015493
24670;0.00154876
24680;0.00154865
24690;0.00154792
24700;0.00154802
24710;0.00154769
24720;0.00154757
24730;0.00154737
24740;0.00154674
24750;0.00154621
24760;0.0015463
24770;0.00154557
24780;0.00154515
24790;0.00154483
24800;0.00154502
24810;0.0015445
24820;0.00154418
24830;0.00154366
24840;0.00154376
24850;0.00154293
24860;0.00154282
24870;0.0015423
24880;0.0015423
24890;0.00154187
24900;0.00154187
24910;0.00154154
24920;0.00154062
24930;0.00154072
24940;0.00154029
24950;0.00154028
24960;0.00153976
24970;0.00153976
24980;0.00153904
24990;0.00153884
25000;0.00153871
25010;0.0015381
25020;0.0015379
25030;0.00153748
25040;0.00153757
25050;0.00153716
25060;0.00153675
25070;0.00153613
25080;0.00153621
25090;0.0015356
25100;0.00153499
25110;0.00153498
25120;0.00153476
25130;0.00153435
25140;0.00153375
25150;0.00153384
25160;0.00153372
25170;0.00153341
25180;0.0015327
25190;0.0015328
25200;0.00153248
25210;0.00153197
25220;0.00153206
25230;0.00153106
25240;0.00153065
25250;0.00153054
25260;0.00153014
25270;0.00153012
25280;0.00152983
25290;0.00152941
25300;0.00152931
25310;0.00152908
25320;0.00152878
25330;0.00152788
25340;0.00152758
25350;0.00152756
25360;0.00152755
25370;0.00152724
25380;0.00152694
25390;0.00152643
25400;0.00152603
25410;0.00152601
25420;0.00152562
25430;0.00152541
25440;0.00152451
25450;0.0015245
25460;0.0015243
25470;0.00152419
25480;0.00152359
25490;0.00152309
25500;0.00152298
25510;0.00152296
25520;0.00152265
25530;0.00152246
25540;0.00152196
25550;0.00152185
25560;0.00152154
25570;0.00152113
25580;0.00152074
25590;0.00152024
25600;0.00151994
25610;0.00152003
25620;0.00151924
25630;0.00151942
25640;0.00151893
25650;0.00151853
25660;0.00151812
25670;0.00151783
25680;0.00151753
25690;0.00151762
25700;0.00151692
25710;0.00151692
25720;0.00151642
25730;0.00151583
25740;0.00151592
25750;0.00151523
25760;0.00151484
25770;0.00151492
25780;0.00151463
25790;0.00151451
25800;0.00151383
25810;0.00151402
25820;0.00151343
25830;0.00151284
25840;0.00151283
25850;0.00151225
25860;0.00151195
25870;0.00151213
25880;0.00151155
25890;0.00151153
25900;0.00151067
25910;0.00151037
25920;0.00151046
25930;0.00151034
25940;0.00151004
25950;0.00150966
25960;0.00150908
25970;0.00150897
25980;0.00150858
25990;0.00150856
26000;0.00150828
26010;0.00150761
26020;0.00150778
26030;0.00150739
26040;0.0015069
26050;0.00150679
26060;0.00150632
26070;0.00150583
26080;0.00150573
26090;0.00150534
26100;0.00150476
26110;0.00150503
26120;0.00150455
26130;0.00150398
26140;0.00150397
26150;0.00150386
26160;0.00150348
26170;0.00150337
26180;0.00150242
26190;0.00150232
26200;0.00150259
26210;0.0015021
26220;0.00150125
26230;0.00150133
26240;0.00150122
26250;0.00150103
26260;0.00150046
26270;0.00150017
26280;0.00149989
26290;0.00149978
26300;0.00149948
26310;0.00149938
26320;0.0014989
26330;0.00149844
26340;0.00149832
26350;0.00149803
26360;0.00149738
26370;0.00149717
26380;0.0014968
26390;0.00149659
26400;0.00149621
26410;0.0014963
26420;0.00149554
26430;0.00149571
26440;0.00149524
26450;0.00149533
26460;0.00149458
26470;0.00149429
26480;0.00149429
26490;0.00149344
26500;0.00149371
26510;0.00149314
26520;0.00149332
26530;0.00149285
26540;0.00149255
26550;0.00149246
26560;0.0014919
26570;0.00149115
26580;0.00149095
26590;0.00149113
26600;0.00149083
26610;0.00149028
26620;0.00149046
26630;0.00148971
26640;0.00148943
26650;0.00148933
26660;0.00148886
26670;0.00148885
26680;0.00148857
26690;0.00148773
26700;0.00148782
26710;0.00148753
26720;0.00148742
26730;0.00148687
26740;0.00148669
26750;0.0014863
26760;0.0014863
26770;0.00148556
26780;0.00148554
26790;0.00148526
26800;0.00148499
26810;0.00148471
26820;0.00148469
26830;0.00148432
26840;0.00148367
26850;0.00148321
26860;0.00148329
26870;0.00148338
26880;0.0014831
26890;0.00148228
26900;0.0014819
26910;0.00148206
26920;0.00148162
26930;0.00148106
26940;0.00148086
26950;0.00148041
26960;0.00148031
26970;0.00148038
26980;0.0014802
26990;0.00147992
27000;0.00147901
27010;0.001479
27020;0.001479
27030;0.00147872
27040;0.00147825
27050;0.00147825
27060;0.00147743
27070;0.00147733
27080;0.00147705
27090;0.00147704
27100;0.00147659
27110;0.00147667
27120;0.00147603
27130;0.00147594
27140;0.00147539
27150;0.00147547
27160;0.00147528
27170;0.00147447
27180;0.00147454
27190;0.0014741
27200;0.00147399
27210;0.00147354
27220;0.00147309
27230;0.00147273
27240;0.0014729
27250;0.00147271
27260;0.00147208
27270;0.00147181
27280;0.00147163
27290;0.00147117
27300;0.00147091
27310;0.0014708
27320;0.00147026
27330;0.00147016
27340;0.00146963
27350;0.00146988
27360;0.00146944
27370;0.00146881
27380;0.00146915
27390;0.00146826
27400;0.00146851
27410;0.00146772
27420;0.00146771
27430;0.00146735
27440;0.00146726
27450;0.00146698
27460;0.00146689
27470;0.0014667
27480;0.00146626
27490;0.00146589
27500;0.0014658
27510;0.00146562
27520;0.00146509
27530;0.00146472
27540;0.0014647
27550;0.00146418
27560;0.001464
27570;0.00146399
27580;0.00146337
27590;0.0014631
27600;0.00146301
27610;0.00146274
27620;0.0014622
27630;0.00146176
27640;0.00146149
27650;0.00146166
27660;0.00146147
27670;0.0014612
27680;0.00146102
27690;0.00146033
27700;0.00146005
27710;0.00145987
27720;0.00145995
27730;0.00145933
27740;0.00145906
27750;0.00145879
27760;0.00145861
27770;0.00145852
27780;0.00145842
27790;0.00145747
27800;0.0014578
27810;0.00145719
27820;0.00145667
27830;0.001457
27840;0.00145647
27850;0.00145587
27860;0.00145594
27870;0.00145594
27880;0.00145567
27890;0.00145498
27900;0.00145454
27910;0.00145471
27920;0.00145453
27930;0.001454
27940;0.00145383
27950;0.00145355
27960;0.00145346
27970;0.00145303
27980;0.00145268
27990;0.00145266
28000;0.00145241
28010;0.00145188
28020;0.00145187
28030;0.00145161
28040;0.00145134
28050;0.00145091
28060;0.00145082
28070;0.00145014
28080;0.00144996
28090;0.00144953
28100;0.00144977
28110;0.00144951
28120;0.00144909
28130;0.00144883
28140;0.00144822
28150;0.0014483
28160;0.0014482
28170;0.00144769
28180;0.00144767
28190;0.00144716
28200;0.0014469
28210;0.00144689
28220;0.00144663
28230;0.00144605
28240;0.00144594
28250;0.00144594
28260;0.0014456
28270;0.00144516
28280;0.00144482
28290;0.00144481
28300;0.00144455
28310;0.00144379
28320;0.0014437
28330;0.00144352
28340;0.00144334
28350;0.00144334
28360;0.00144299
28370;0.00144257
28380;0.00144206
28390;0.00144231
28400;0.00144171
28410;0.00144162
28420;0.00144103
28430;0.00144118
28440;0.00144076
28450;0.00144018
28460;0.00144041
28470;0.00143991
28480;0.00143982
28490;0.00143939
28500;0.00143922
28510;0.00143905
28520;0.00143862
28530;0.00143829
28540;0.00143803
28550;0.00143827
28560;0.00143769
28570;0.00143718
28580;0.00143733
28590;0.00143707
28600;0.00143666
28610;0.00143665
28620;0.00143598
28630;0.00143565
28640;0.00143555
28650;0.00143547
28660;0.00143504
28670;0.00143503
28680;0.00143487
28690;0.00143412
28700;0.00143395
28710;0.00143369
28720;0.00143361
28730;0.00143344
28740;0.00143285
28750;0.001433
28760;0.00143259
28770;0.0014325
28780;0.00143176
28790;0.00143199
28800;0.00143174
28810;0.00143133
28820;0.00143099
28830;0.00143097
28840;0.00143081
28850;0.00143056
28860;0.00143006
28870;0.00142996
28880;0.00142931
28890;0.0014293
28900;0.00142881
28910;0.00142904
28920;0.00142855
28930;0.00142797
28940;0.00142804
28950;0.00142771
28960;0.0014277
28970;0.00142705
28980;0.00142712
28990;0.00142703
29000;0.00142653
29010;0.00142628
29020;0.00142572
29030;0.00142603
29040;0.00142578
29050;0.00142544
29060;0.0014252
29070;0.00142511
29080;0.00142422
29090;0.00142421
29100;0.00142372
29110;0.00142379
29120;0.0014237
29130;0.00142313
29140;0.00142305
29150;0.00142279
29160;0.00142256
29170;0.00142222
29180;0.00142197
29190;0.00142197
29200;0.0014214
29210;0.001421
29220;0.0014209
29230;0.00142097
29240;0.00142049
29250;0.00142008
29260;0.00142023
29270;0.00141975
29280;0.0014195
29290;0.00141934
29300;0.00141925
29310;0.001419
29320;0.0014186
29330;0.00141843
29340;0.00141779
29350;0.00141817
29360;0.0014173
29370;0.00141713
29380;0.00141728
29390;0.00141672
29400;0.00141632
29410;0.00141615
29420;0.00141646
29430;0.00141566
29440;0.0014158
29450;0.00141525
29460;0.001415
29470;0.00141493
29480;0.00141483
29490;0.00141467
29500;0.00141418
29510;0.00141418
29520;0.00141385
29530;0.00141345
29540;0.00141321
29550;0.00141281
29560;0.00141241
29570;0.00141263
29580;0.00141201
29590;0.00141208
29600;0.00141175
29610;0.00141128
29620;0.00141158
29630;0.00141087
29640;0.00141102
29650;0.00141039
29660;0.00141038
29670;0.00141007
29680;0.0014099
29690;0.0014095
29700;0.00140933
29710;0.00140909
29720;0.00140909
29730;0.00140876
29740;0.00140821
29750;0.00140798
29760;0.00140781
29770;0.00140788
29780;0.00140733
29790;0.00140701
29800;0.00140678
29810;0.00140677
29820;0.00140646
29830;0.00140621
29840;0.00140612
29850;0.0014055
29860;0.00140565
29870;0.0014054
29880;0.00140516
29890;0.00140508
29900;0.00140468
29910;0.00140399
29920;0.00140405
29930;0.00140374
29940;0.00140327
29950;0.0014035
29960;0.00140303
29970;0.00140256
29980;0.00140279
29990;0.00140247
