0;0.301247
10;0.126599
20;0.0604648
30;0.0282559
40;0.0123355
50;0.00687323
60;0.00421681
70;0.00133031
80;-0.000616487
90;0.00234927
100;0.00231114
110;0.000330989
120;0.00060985
130;0.00244523
140;0.000738702
150;0.00159736
160;0.0044674
170;0.00398997
180;0.00910726
190;0.010335
200;0.0105948
210;0.0116916
220;0.0181624
230;0.0153019
240;0.0203796
250;0.0208631
260;0.0187864
270;0.0193507
280;0.020731
290;0.0247986
300;0.0232244
310;0.0244666
320;0.0302637
330;0.0309352
340;0.0299088
350;0.0295225
360;0.033528
370;0.0344153
380;0.0350022
390;0.036733
400;0.0354099
410;0.0361331
420;0.0339161
430;0.0360767
440;0.0371776
450;0.0332782
460;0.0356873
470;0.0337664
480;0.0354867
490;0.0326328
500;0.0348726
510;0.0311639
520;0.0311382
530;0.0336341
540;0.0332863
550;0.0307349
560;0.0325368
570;0.0324666
580;0.0338276
590;0.0304845
600;0.0316908
610;0.0308306
620;0.0322051
630;0.0302467
640;0.030629
650;0.0305066
660;0.0321666
670;0.0298717
680;0.0308819
690;0.0302734
700;0.0304073
710;0.0303693
720;0.0305052
730;0.0321645
740;0.0315862
750;0.0300485
760;0.0301941
770;0.0293519
780;0.0303357
790;0.0296765
800;0.0295761
810;0.0285434
820;0.027373
830;0.0267055
840;0.0266627
850;0.0265404
860;0.0260556
870;0.0250694
880;0.0250584
890;0.0252684
900;0.0244226
910;0.0242554
920;0.0238628
930;0.0235477
940;0.0230802
950;0.0230511
960;0.0229014
970;0.0222658
980;0.0223615
990;0.021799
1000;0.0215776
1010;0.0213838
1020;0.021443
1030;0.0214156
1040;0.0209575
1050;0.0206101
1060;0.0207968
1070;0.0207466
1080;0.0202384
1090;0.0198684
1100;0.0201653
1110;0.0195993
1120;0.0196136
1130;0.0197815
1140;0.0194474
1150;0.0193185
1160;0.0189698
1170;0.0188171
1180;0.0189611
1190;0.018416
1200;0.0182797
1210;0.0185488
1220;0.0180022
1230;0.0178819
1240;0.0178931
1250;0.017799
1260;0.0176995
1270;0.0175968
1280;0.0174892
1290;0.0172416
1300;0.0171337
1310;0.0172403
1320;0.0169106
1330;0.016817
1340;0.016821
1350;0.0166153
1360;0.0166363
1370;0.0164518
1380;0.0164611
1390;0.0164181
1400;0.0161671
1410;0.0160736
1420;0.0159652
1430;0.0161022
1440;0.0158026
1450;0.0157777
1460;0.0159098
1470;0.015775
1480;0.0154791
1490;0.015402
1500;0.0153311
1510;0.0153123
1520;0.0152886
1530;0.0152088
1540;0.0151273
1550;0.0151501
1560;0.0150634
1570;0.0148568
1580;0.014745
1590;0.0148969
1600;0.0148304
1610;0.0145515
1620;0.0146958
1630;0.0146191
1640;0.0144181
1650;0.0144813
1660;0.0144127
1670;0.0142464
1680;0.0141658
1690;0.0141047
1700;0.0140378
1710;0.0139836
1720;0.0139208
1730;0.013786
1740;0.0137712
1750;0.0137733
1760;0.01378
1770;0.0135755
1780;0.0136204
1790;0.0135254
1800;0.0134353
1810;0.0134245
1820;0.0134766
1830;0.0133212
1840;0.0133541
1850;0.0131643
1860;0.0131796
1870;0.0132219
1880;0.0130655
1890;0.01296
1900;0.0129164
1910;0.012923
1920;0.012819
1930;0.0129174
1940;0.0127195
1950;0.0126813
1960;0.0127106
1970;0.0126619
1980;0.0125494
1990;0.0125056
2000;0.0125774
2010;0.0124151
2020;0.0125058
2030;0.0123813
2040;0.0122852
2050;0.012243
2060;0.0122049
2070;0.012171
2080;0.0122409
2090;0.0122022
2100;0.0121778
2110;0.0120138
2120;0.012033
2130;0.0119955
2140;0.0119144
2150;0.0119043
2160;0.0118431
2170;0.0118468
2180;0.0117983
2190;0.011791
2200;0.0117516
2210;0.0117036
2220;0.0116129
2230;0.0116476
2240;0.011593
2250;0.0115419
2260;0.0115716
2270;0.0114675
2280;0.011391
2290;0.0113632
2300;0.0114203
2310;0.0113455
2320;0.011364
2330;0.0113168
2340;0.0111943
2350;0.0112643
2360;0.0111734
2370;0.0111187
2380;0.0111133
2390;0.0111098
2400;0.0110151
2410;0.0110194
2420;0.0109924
2430;0.0109839
2440;0.0108955
2450;0.0108999
2460;0.0109174
2470;0.0108401
2480;0.01081
2490;0.0108343
2500;0.0107177
2510;0.0107014
2520;0.0107527
2530;0.0106491
2540;0.0106939
2550;0.0106229
2560;0.0106385
2570;0.0106008
2580;0.0105326
2590;0.010507
2600;0.0105016
2610;0.0104508
2620;0.0104353
2630;0.0104001
2640;0.0103447
2650;0.0103517
2660;0.0103654
2670;0.0102996
2680;0.0103247
2690;0.0102223
2700;0.0102751
2710;0.0102516
2720;0.0101953
2730;0.0101915
2740;0.010167
2750;0.010106
2760;0.0100565
2770;0.0100705
2780;0.0100456
2790;0.00998902
2800;0.00999248
2810;0.00997806
2820;0.00994594
2830;0.00996804
2840;0.00991084
2850;0.00987989
2860;0.00983043
2870;0.00984372
2880;0.00978817
2890;0.00983481
2900;0.00981219
2910;0.00973388
2920;0.00976188
2930;0.00971454
2940;0.00966204
2950;0.00963922
2960;0.00965102
2970;0.00965906
2980;0.00957624
2990;0.00955558
3000;0.00953475
3010;0.0095793
3020;0.0094952
3030;0.00947472
3040;0.00946379
3050;0.00949816
3060;0.00947143
3070;0.00942788
3080;0.00943151
3090;0.00941222
3100;0.00934581
3110;0.00937951
3120;0.00930039
3130;0.00928302
3140;0.00926734
3150;0.00925562
3160;0.00928201
3170;0.00926188
3180;0.00921337
3190;0.00923058
3200;0.00915626
3210;0.0091739
3220;0.00916937
3230;0.00912327
3240;0.00910445
3250;0.0091151
3260;0.00910498
3270;0.00905887
3280;0.0090154
3290;0.00901787
3300;0.00898777
3310;0.00896445
3320;0.00896742
3330;0.00893148
3340;0.00896681
3350;0.008916
3360;0.00890033
3370;0.00888321
3380;0.00886546
3390;0.00883066
3400;0.0088201
3410;0.00879912
3420;0.00878815
3430;0.00876633
3440;0.00876986
3450;0.00878407
3460;0.00871921
3470;0.00874655
3480;0.00873665
3490;0.00867941
3500;0.00867622
3510;0.00866129
3520;0.00864654
3530;0.00864323
3540;0.00864481
3550;0.00858245
3560;0.00858559
3570;0.00859349
3580;0.00853806
3590;0.00852511
3600;0.00851009
3610;0.00853624
3620;0.0084826
3630;0.00848498
3640;0.00847
3650;0.00846045
3660;0.00845353
3670;0.00844993
3680;0.00839729
3690;0.00838309
3700;0.0084074
3710;0.00835644
3720;0.008386
3730;0.00835635
3740;0.0083312
3750;0.00830198
3760;0.00832556
3770;0.0082949
3780;0.00826133
3790;0.00824846
3800;0.00827164
3810;0.0082218
3820;0.0082288
3830;0.00823678
3840;0.00822434
3850;0.00821138
3860;0.00818201
3870;0.0081643
3880;0.0081465
3890;0.00813343
3900;0.00812434
3910;0.00811742
3920;0.00811882
3930;0.0081062
3940;0.00805555
3950;0.00805762
3960;0.00806863
3970;0.00802275
3980;0.00800533
3990;0.00799361
4000;0.00798178
4010;0.00797047
4020;0.00795889
4030;0.00797046
4040;0.00794889
4050;0.00794047
4060;0.00791055
4070;0.0079359
4080;0.00790128
4090;0.00791234
4100;0.0079006
4110;0.00788494
4120;0.00784254
4130;0.00783073
4140;0.0078189
4150;0.00782032
4160;0.0078093
4170;0.00780725
4180;0.00777369
4190;0.00779741
4200;0.00776463
4210;0.00774088
4220;0.00774252
4230;0.0077311
4240;0.00770761
4250;0.00771836
4260;0.00769911
4270;0.00770539
4280;0.00766439
4290;0.00765443
4300;0.00764532
4310;0.00765009
4320;0.00763546
4330;0.00762464
4340;0.00762274
4350;0.00760337
4360;0.00761277
4370;0.00759884
4380;0.00758825
4390;0.00754926
4400;0.00756783
4410;0.00752912
4420;0.00753406
4430;0.00752121
4440;0.00749904
4450;0.0074929
4460;0.00747987
4470;0.00748986
4480;0.00746012
4490;0.00746195
4500;0.0074684
4510;0.00743414
4520;0.00744818
4530;0.00742294
4540;0.00740164
4550;0.00741936
4560;0.00741219
4570;0.00740261
4580;0.00736305
4590;0.00736424
4600;0.0073575
4610;0.0073632
4620;0.00732512
4630;0.00732648
4640;0.0073198
4650;0.00729983
4660;0.0072986
4670;0.00727856
4680;0.00726889
4690;0.00727473
4700;0.0072612
4710;0.00725923
4720;0.0072501
4730;0.00724844
4740;0.00724261
4750;0.00720564
4760;0.00721455
4770;0.00718819
4780;0.00718962
4790;0.00718041
4800;0.00716417
4810;0.00715206
4820;0.00714327
4830;0.00713491
4840;0.00712612
4850;0.00711766
4860;0.00710903
4870;0.00711741
4880;0.00710206
4890;0.00711027
4900;0.00707516
4910;0.00706675
4920;0.00708176
4930;0.0070631
4940;0.00704131
4950;0.00704252
4960;0.00705082
4970;0.00701723
4980;0.00701858
4990;0.00701009
5000;0.00700472
5010;0.00700982
5020;0.0069761
5030;0.00699356
5040;0.00697267
5050;0.00695112
5060;0.00695281
5070;0.00693587
5080;0.00694947
5090;0.00694171
5100;0.00693575
5110;0.00691639
5120;0.00691964
5130;0.00690233
5140;0.00688815
5150;0.00689307
5160;0.00688551
5170;0.00687153
5180;0.00687007
5190;0.00684087
5200;0.00683309
5210;0.00684079
5220;0.00683357
5230;0.00683478
5240;0.00680326
5250;0.0067959
5260;0.0068121
5270;0.0068018
5280;0.00678794
5290;0.00677402
5300;0.00675789
5310;0.00675104
5320;0.00674593
5330;0.00674456
5340;0.00672921
5350;0.00673044
5360;0.00673512
5370;0.00670729
5380;0.00671425
5390;0.00671527
5400;0.00668526
5410;0.00669815
5420;0.00667302
5430;0.00667392
5440;0.00667794
5450;0.00664898
5460;0.00664995
5470;0.00665699
5480;0.00664755
5490;0.00664054
5500;0.00661371
5510;0.00660724
5520;0.00661363
5530;0.00660102
5540;0.00658658
5550;0.00657963
5560;0.00658399
5570;0.00656591
5580;0.00655943
5590;0.00656027
5600;0.00656499
5610;0.00654738
5620;0.0065462
5630;0.00654696
5640;0.00651893
5650;0.00651235
5660;0.00650555
5670;0.00649936
5680;0.00651342
5690;0.00648613
5700;0.00649057
5710;0.00648036
5720;0.00646645
5730;0.00647826
5740;0.00645364
5750;0.00644749
5760;0.00644809
5770;0.00644171
5780;0.00642802
5790;0.00642907
5800;0.00642468
5810;0.00640905
5820;0.00640286
5830;0.00640918
5840;0.00639732
5850;0.00638386
5860;0.00639001
5870;0.00637845
5880;0.00637397
5890;0.00637785
5900;0.00636456
5910;0.0063465
5920;0.00634029
5930;0.00634094
5940;0.00633477
5950;0.00632161
5960;0.0063225
5970;0.0063284
5980;0.00631501
5990;0.00630386
6000;0.0063034
6010;0.00628547
6020;0.00629643
6030;0.00629211
6040;0.00626747
6050;0.0062617
6060;0.00625592
6070;0.00624991
6080;0.00625068
6090;0.00623804
6100;0.0062506
6110;0.00624432
6120;0.00622669
6130;0.00623081
6140;0.0062247
6150;0.0062091
6160;0.0062037
6170;0.00620065
6180;0.00618528
6190;0.00618637
6200;0.00618946
6210;0.00617464
6220;0.00616892
6230;0.00615696
6240;0.00615144
6250;0.00615212
6260;0.0061559
6270;0.00615188
6280;0.00612899
6290;0.00612528
6300;0.00612381
6310;0.00611849
6320;0.00610643
6330;0.00611788
6340;0.00610153
6350;0.00609143
6360;0.00609957
6370;0.00609566
6380;0.00609013
6390;0.00608479
6400;0.0060687
6410;0.00606786
6420;0.0060597
6430;0.00606333
6440;0.00604734
6450;0.00605268
6460;0.00603074
6470;0.00603127
6480;0.00603638
6490;0.00603117
6500;0.00601555
6510;0.00601898
6520;0.00600064
6530;0.0060105
6540;0.00598866
6550;0.00599361
6560;0.00597828
6570;0.00597889
6580;0.00598426
6590;0.00596449
6600;0.00595972
6610;0.00595888
6620;0.00596212
6630;0.00594287
6640;0.00594508
6650;0.00594018
6660;0.00592774
6670;0.00593669
6680;0.00593354
6690;0.00591422
6700;0.00590766
6710;0.00591245
6720;0.00591147
6730;0.00590648
6740;0.00590288
6750;0.00588822
6760;0.00589253
6770;0.00587228
6780;0.00586749
6790;0.00587796
6800;0.00586329
6810;0.00585843
6820;0.00584832
6830;0.00585836
6840;0.00584023
6850;0.00584089
6860;0.00582934
6870;0.00582445
6880;0.00582526
6890;0.00581515
6900;0.00582358
6910;0.00582013
6920;0.005814
6930;0.00580527
6940;0.00579149
6950;0.00579594
6960;0.00578171
6970;0.00579031
6980;0.0057869
6990;0.00576754
7000;0.00577718
7010;0.00576341
7020;0.0057678
7030;0.00575411
7040;0.00574957
7050;0.00573961
7060;0.005735
7070;0.00573974
7080;0.00573131
7090;0.00573537
7100;0.00571683
7110;0.00571237
7120;0.00570924
7130;0.005716
7140;0.00570373
7150;0.00569943
7160;0.00569507
7170;0.00568559
7180;0.00569487
7190;0.0056841
7200;0.00567848
7210;0.00567259
7220;0.00566302
7230;0.00565855
7240;0.00566155
7250;0.0056549
7260;0.00565773
7270;0.00565458
7280;0.00564505
7290;0.00564435
7300;0.00564122
7310;0.0056356
7320;0.00562031
7330;0.00562102
7340;0.00561066
7350;0.00561965
7360;0.00560219
7370;0.00560635
7380;0.0055936
7390;0.00558949
7400;0.00558511
7410;0.00558927
7420;0.00558131
7430;0.00557225
7440;0.00557496
7450;0.00557695
7460;0.00555949
7470;0.00556013
7480;0.00555605
7490;0.00555985
7500;0.00554279
7510;0.00553994
7520;0.00554279
7530;0.00554185
7540;0.00553894
7550;0.00553367
7560;0.0055181
7570;0.00551857
7580;0.00550982
7590;0.00550695
7600;0.00550171
7610;0.00550908
7620;0.00549839
7630;0.00549425
7640;0.0054869
7650;0.00548164
7660;0.00548197
7670;0.00548587
7680;0.00548079
7690;0.00547675
7700;0.00546615
7710;0.00546558
7720;0.0054549
7730;0.00544985
7740;0.00545054
7750;0.00545407
7760;0.0054437
7770;0.00543849
7780;0.00543474
7790;0.00543715
7800;0.00543426
7810;0.00542926
7820;0.00541443
7830;0.00541615
7840;0.00541228
7850;0.00540424
7860;0.00540028
7870;0.00540287
7880;0.00539294
7890;0.00539971
7900;0.00538413
7910;0.00538575
7920;0.0053829
7930;0.00537292
7940;0.00538097
7950;0.00536543
7960;0.00537315
7970;0.00536319
7980;0.00536559
7990;0.00535019
8000;0.00534781
8010;0.00534295
8020;0.00534534
8030;0.00533544
8040;0.00534337
8050;0.00532825
8060;0.00532451
8070;0.00532493
8080;0.00531816
8090;0.00531335
8100;0.00532111
8110;0.00530722
8120;0.0053025
8130;0.00529986
8140;0.00530039
8150;0.00529883
8160;0.00529909
8170;0.0052894
8180;0.00528062
8190;0.00527704
8200;0.00527757
8210;0.00527091
8220;0.0052662
8230;0.00527274
8240;0.00526627
8250;0.00526648
8260;0.005259
8270;0.00524849
8280;0.00524894
8290;0.00525128
8300;0.00523797
8310;0.00523943
8320;0.00523476
8330;0.00523826
8340;0.00523363
8350;0.00522997
8360;0.00522658
8370;0.00522293
8380;0.00521067
8390;0.00521596
8400;0.00520857
8410;0.00519956
8420;0.00520283
8430;0.00520219
8440;0.00519299
8450;0.00519542
8460;0.00518352
8470;0.00518486
8480;0.00517594
8490;0.00518293
8500;0.0051739
8510;0.0051761
8520;0.00517263
8530;0.0051693
8540;0.00516038
8550;0.00516255
8560;0.00515821
8570;0.00514932
8580;0.0051423
8590;0.00514558
8600;0.00514502
8610;0.00513789
8620;0.00513013
8630;0.00513593
8640;0.00513163
8650;0.00511912
8660;0.00512494
8670;0.00511914
8680;0.00511477
8690;0.00511517
8700;0.00510363
8710;0.00509947
8720;0.00510515
8730;0.00509395
8740;0.00509974
8750;0.00508753
8760;0.00508341
8770;0.00508024
8780;0.00507704
8790;0.00507729
8800;0.00507944
8810;0.00507076
8820;0.0050678
8830;0.0050608
8840;0.00506136
8850;0.00505547
8860;0.00506125
8870;0.00505456
8880;0.00504511
8890;0.00505068
8900;0.00504734
8910;0.00503899
8920;0.00503233
8930;0.00503893
8940;0.00502608
8950;0.00502742
8960;0.00502084
8970;0.00502619
8980;0.00501363
8990;0.00502017
9000;0.00501253
9010;0.00500774
9020;0.00500744
9030;0.00500689
9040;0.00499859
9050;0.00500171
9060;0.0049893
9070;0.00498625
9080;0.00499279
9090;0.00498011
9100;0.00497729
9110;0.00497426
9120;0.00498057
9130;0.00497655
9140;0.00497363
9150;0.00496307
9160;0.00496842
9170;0.00495616
9180;0.00495647
9190;0.0049594
9200;0.0049556
9210;0.00494851
9220;0.00494459
9230;0.00494159
9240;0.00493542
9250;0.00493242
9260;0.00493772
9270;0.00492655
9280;0.00492374
9290;0.00492411
9300;0.0049187
9310;0.00492401
9320;0.00492098
9330;0.00491396
9340;0.00490706
9350;0.00490653
9360;0.00490345
9370;0.00489726
9380;0.00490029
9390;0.00490043
9400;0.00489761
9410;0.0048946
9420;0.00488601
9430;0.00488794
9440;0.0048803
9450;0.00487761
9460;0.00487559
9470;0.00487662
9480;0.00486577
9490;0.00486309
9500;0.00486036
9510;0.00485757
9520;0.00485467
9530;0.00486054
9540;0.00484913
9550;0.00485099
9560;0.0048491
9570;0.00484943
9580;0.00483806
9590;0.00483528
9600;0.00483552
9610;0.00483279
9620;0.0048301
9630;0.00482423
9640;0.00482533
9650;0.00482407
9660;0.00481892
9670;0.00481294
9680;0.0048143
9690;0.00481302
9700;0.00481322
9710;0.00480217
9720;0.0047994
9730;0.0047968
9740;0.00479413
9750;0.00479881
9760;0.00478868
9770;0.00478585
9780;0.00478325
9790;0.00478801
9800;0.00477875
9810;0.00477525
9820;0.00477771
9830;0.00477273
9840;0.00476704
9850;0.00477197
9860;0.00476491
9870;0.00476737
9880;0.00475654
9890;0.00475393
9900;0.00475432
9910;0.00475683
9920;0.00475133
9930;0.00474641
9940;0.00474892
9950;0.00473816
9960;0.00474072
9970;0.00473591
9980;0.00473747
9990;0.00473059
10000;0.00473239
10010;0.00472979
10020;0.00472071
10030;0.00471741
10040;0.0047176
10050;0.00471515
10060;0.00471752
10070;0.00471213
10080;0.00471237
10090;0.00470463
10100;0.0047
10110;0.00469957
10120;0.00469709
10130;0.00469875
10140;0.00468917
10150;0.00468958
10160;0.00468418
10170;0.00468159
10180;0.00467902
10190;0.00468069
10200;0.0046817
10210;0.00467564
10220;0.00467663
10230;0.00466648
10240;0.00466753
10250;0.0046615
10260;0.0046625
10270;0.00465932
10280;0.00465676
10290;0.00465436
10300;0.00464892
10310;0.00465417
10320;0.00464698
10330;0.00464166
10340;0.00463992
10350;0.00463957
10360;0.00463437
10370;0.00463963
10380;0.00463223
10390;0.00462709
10400;0.00462807
10410;0.00462961
10420;0.00462722
10430;0.0046173
10440;0.0046217
10450;0.00461997
10460;0.00461
10470;0.00461436
10480;0.00461191
10490;0.00460352
10500;0.00460041
10510;0.00460058
10520;0.00459828
10530;0.00459329
10540;0.00459088
10550;0.00458917
10560;0.00459278
10570;0.00459038
10580;0.00458605
10590;0.0045816
10600;0.00458391
10610;0.00457897
10620;0.00457456
10630;0.00457616
10640;0.00456985
10650;0.00456754
10660;0.0045626
10670;0.00456018
10680;0.00455794
10690;0.00455896
10700;0.00456065
10710;0.00455753
10720;0.00455142
10730;0.00455101
10740;0.0045479
10750;0.00454824
10760;0.00454591
10770;0.00454432
10780;0.00453493
10790;0.00453264
10800;0.00453287
10810;0.00453189
10820;0.00453028
10830;0.00452986
10840;0.00452559
10850;0.00451887
10860;0.00452283
10870;0.00451418
10880;0.00451211
10890;0.00451055
10900;0.00451011
10910;0.00450605
10920;0.00451022
10930;0.00450089
10940;0.00449867
10950;0.00450274
10960;0.00450119
10970;0.00449833
10980;0.00449237
10990;0.00449382
11000;0.0044915
11010;0.00448307
11020;0.00448148
11030;0.00448549
11040;0.0044832
11050;0.00447486
11060;0.00447198
11070;0.00447227
11080;0.00446998
11090;0.00446608
11100;0.00446321
11110;0.00446098
11120;0.0044613
11130;0.00446029
11140;0.00445692
11150;0.00445229
11160;0.0044501
11170;0.0044479
11180;0.00444883
11190;0.00445019
11200;0.00444801
11210;0.00444584
11220;0.00443767
11230;0.00443495
11240;0.00443524
11250;0.00443306
11260;0.00442851
11270;0.00442991
11280;0.00442423
11290;0.00442512
11300;0.0044224
11310;0.00441783
11320;0.00442156
11330;0.0044166
11340;0.00441798
11350;0.00440923
11360;0.00440721
11370;0.00441095
11380;0.00440354
11390;0.00440674
11400;0.00439877
11410;0.00439891
11420;0.00439441
11430;0.00439244
11440;0.00439613
11450;0.00438881
11460;0.00438843
11470;0.00438396
11480;0.00438768
11490;0.00437978
11500;0.00437767
11510;0.00438201
11520;0.0043735
11530;0.00437146
11540;0.00437513
11550;0.00436737
11560;0.00436929
11570;0.00436327
11580;0.00436699
11590;0.00436497
11600;0.00436293
11610;0.00436143
11620;0.00435933
11630;0.00435341
11640;0.00434906
11650;0.00435327
11660;0.00434501
11670;0.00434929
11680;0.00434322
11690;0.00433891
11700;0.00434025
11710;0.00433484
11720;0.00433517
11730;0.00433145
11740;0.00433274
11750;0.00432686
11760;0.00432497
11770;0.00432576
11780;0.00432096
11790;0.00432449
11800;0.00432252
11810;0.00432106
11820;0.00431298
11830;0.0043132
11840;0.00431185
11850;0.00431312
11860;0.00431115
11870;0.00430532
11880;0.00430491
11890;0.00430309
11900;0.00430328
11910;0.00429527
11920;0.00429328
11930;0.00429416
11940;0.00429008
11950;0.00429363
11960;0.00428882
11970;0.00428737
11980;0.00428224
11990;0.00427981
12000;0.00428382
12010;0.00427795
12020;0.00427984
12030;0.00427193
12040;0.00427216
12050;0.00427402
12060;0.00426834
12070;0.00426412
12080;0.00426819
12090;0.00426421
12100;0.0042606
12110;0.00425879
12120;0.00426004
12130;0.00425814
12140;0.00425084
12150;0.00424903
12160;0.00424714
12170;0.00424519
12180;0.00424338
12190;0.00424362
12200;0.00424009
12210;0.00423974
12220;0.00423793
12230;0.00423392
12240;0.00423417
12250;0.00423223
12260;0.00423402
12270;0.00422695
12280;0.00422451
12290;0.00422256
12300;0.00422647
12310;0.00421895
12320;0.00421917
12330;0.00421571
12340;0.00421698
12350;0.00421151
12360;0.00421174
12370;0.00420975
12380;0.00420959
12390;0.00420406
12400;0.00420227
12410;0.00420551
12420;0.00420368
12430;0.00420232
12440;0.00420048
12450;0.00419356
12460;0.00419124
12470;0.00419502
12480;0.00419325
12490;0.00419084
12500;0.00418396
12510;0.00418516
12520;0.00418584
12530;0.00418347
12540;0.00417665
12550;0.0041749
12560;0.00417307
12570;0.00417333
12580;0.00416936
12590;0.00416765
12600;0.0041659
12610;0.00416954
12620;0.00416234
12630;0.00416053
12640;0.00416424
12650;0.00415702
12660;0.00415821
12670;0.00415889
12680;0.00415467
12690;0.00415485
12700;0.00415311
12710;0.00415182
12720;0.00414522
12730;0.00414288
12740;0.00414309
12750;0.00414139
12760;0.00414254
12770;0.00413781
12780;0.00413612
12790;0.00413431
12800;0.00413596
12810;0.00413373
12820;0.00412714
12830;0.00413025
12840;0.00412355
12850;0.0041224
12860;0.00412495
12870;0.00412375
12880;0.00411865
12890;0.00411497
12900;0.00411315
12910;0.0041144
12920;0.00410981
12930;0.00411092
12940;0.00410639
12950;0.00410522
12960;0.00410289
12970;0.00410126
12980;0.00410152
12990;0.00409786
13000;0.00410097
13010;0.00409968
13020;0.00409748
13030;0.00409343
13040;0.00409451
13050;0.00409235
13060;0.0040912
13070;0.0040876
13080;0.00408783
13090;0.00408085
13100;0.00408154
13110;0.00407937
13120;0.00407778
13130;0.00407888
13140;0.00407768
13150;0.00407323
13160;0.00406966
13170;0.00407264
13180;0.00406589
13190;0.00406932
13200;0.00406532
13210;0.00406326
13220;0.00406114
13230;0.00406266
13240;0.004061
13250;0.00405888
13260;0.00405765
13270;0.00405601
13280;0.00405203
13290;0.00404765
13300;0.00404604
13310;0.00404496
13320;0.00404457
13330;0.00404165
13340;0.0040428
13350;0.0040424
13360;0.00403673
13370;0.00403518
13380;0.00403532
13390;0.0040332
13400;0.00403151
13410;0.00403138
13420;0.00403151
13430;0.00402493
13440;0.00402657
13450;0.00402176
13460;0.00402017
13470;0.00402083
13480;0.00402139
13490;0.00401976
13500;0.00401692
13510;0.00401391
13520;0.00401052
13530;0.00401079
13540;0.00400908
13550;0.00401017
13560;0.00400414
13570;0.004007
13580;0.00400279
13590;0.0039994
13600;0.00400265
13610;0.00400117
13620;0.0039964
13630;0.00399747
13640;0.00399139
13650;0.00398983
13660;0.00399275
13670;0.00398668
13680;0.00398692
13690;0.00398843
13700;0.00398643
13710;0.00398528
13720;0.0039838
13730;0.00398044
13740;0.00397839
13750;0.00397909
13760;0.00397438
13770;0.0039737
13780;0.00397127
13790;0.00396982
13800;0.0039682
13810;0.0039697
13820;0.00396341
13830;0.00396622
13840;0.00396507
13850;0.00395879
13860;0.00396156
13870;0.00395573
13880;0.00395638
13890;0.00395571
13900;0.00395582
13910;0.00395216
13920;0.00394805
13930;0.00395127
13940;0.00394678
13950;0.00394814
13960;0.00394192
13970;0.00394204
13980;0.00394314
13990;0.0039404
14000;0.00394049
14010;0.00393852
14020;0.00393279
14030;0.00393132
14040;0.00393403
14050;0.00392823
14060;0.00393091
14070;0.00392699
14080;0.00392796
14090;0.00392226
14100;0.0039212
14110;0.00392349
14120;0.0039178
14130;0.00392049
14140;0.00391897
14150;0.00391747
14160;0.00391179
14170;0.00391193
14180;0.00391045
14190;0.00390979
14200;0.00390996
14210;0.00390642
14220;0.00390494
14230;0.0039031
14240;0.00390155
14250;0.00390303
14260;0.00390108
14270;0.00389597
14280;0.00389851
14290;0.00389304
14300;0.00389557
14310;0.00389373
14320;0.00389267
14330;0.00388915
14340;0.0038857
14350;0.00388583
14360;0.00388637
14370;0.00388089
14380;0.00388107
14390;0.00388001
14400;0.00388056
14410;0.00387673
14420;0.00387405
14430;0.00387617
14440;0.00387075
14450;0.00387376
14460;0.00387226
14470;0.00386797
14480;0.00386662
14490;0.00386521
14500;0.00386614
14510;0.0038647
14520;0.00386084
14530;0.00386222
14540;0.00385877
14550;0.00385735
14560;0.00385519
14570;0.00385378
14580;0.0038547
14590;0.00384933
14600;0.00385069
14610;0.00385037
14620;0.00384901
14630;0.003848
14640;0.00384383
14650;0.00384081
14660;0.00384094
14670;0.00383839
14680;0.00383661
14690;0.00383946
14700;0.00383812
14710;0.00383237
14720;0.003831
14730;0.00383384
14740;0.00383244
14750;0.00383063
14760;0.0038254
14770;0.00382552
14780;0.00382306
14790;0.00382508
14800;0.00382265
14810;0.00381895
14820;0.00381716
14830;0.00381615
14840;0.0038186
14850;0.00381722
14860;0.00381156
14870;0.00381444
14880;0.00381266
14890;0.00381173
14900;0.00380606
14910;0.00380857
14920;0.00380487
14930;0.00380204
14940;0.00380213
14950;0.00380346
14960;0.00380062
14970;0.00379661
14980;0.00379714
14990;0.00379802
15000;0.00379405
15010;0.00379117
15020;0.00379397
15030;0.00378847
15040;0.00378867
15050;0.00378997
15060;0.00378816
15070;0.00378307
15080;0.00378171
15090;0.00378413
15100;0.0037805
15110;0.00378177
15120;0.00377633
15130;0.00377498
15140;0.00377368
15150;0.00377493
15160;0.00377103
15170;0.00377154
15180;0.00376871
15190;0.00376697
15200;0.00376719
15210;0.00376429
15220;0.00376448
15230;0.0037636
15240;0.00376304
15250;0.00376165
15260;0.00375998
15270;0.00375831
15280;0.00375658
15290;0.00375522
15300;0.00375615
15310;0.00375478
15320;0.00375246
15330;0.0037485
15340;0.0037472
15350;0.0037474
15360;0.0037461
15370;0.00374472
15380;0.00374565
15390;0.00374433
15400;0.00374302
15410;0.00373952
15420;0.0037382
15430;0.00373549
15440;0.00373419
15450;0.00373329
15460;0.00373302
15470;0.00373244
15480;0.00373043
15490;0.00372771
15500;0.0037304
15510;0.00372517
15520;0.00372605
15530;0.00372445
15540;0.00372531
15550;0.00372403
15560;0.00371878
15570;0.00371898
15580;0.00371983
15590;0.00371752
15600;0.00371364
15610;0.00371389
15620;0.00371507
15630;0.00371024
15640;0.00371109
15650;0.00370739
15660;0.00370606
15670;0.00370875
15680;0.00370706
15690;0.0037023
15700;0.00370248
15710;0.00370187
15720;0.0036985
15730;0.00370076
15740;0.00369983
15750;0.00369475
15760;0.00369731
15770;0.00369398
15780;0.00369479
15790;0.00369352
15800;0.0036902
15810;0.00368926
15820;0.0036873
15830;0.00368643
15840;0.00368593
15850;0.00368224
15860;0.00368233
15870;0.00368362
15880;0.00367992
15890;0.00367974
15900;0.00367744
15910;0.00367477
15920;0.00367492
15930;0.00367364
15940;0.00367447
15950;0.00367157
15960;0.00366896
15970;0.00367116
15980;0.00366748
15990;0.00366497
16000;0.00366512
16010;0.00366253
16020;0.00366333
16030;0.00366009
16040;0.00365888
16050;0.00365905
16060;0.00365879
16070;0.00365556
16080;0.00365772
16090;0.00365416
16100;0.0036529
16110;0.00365036
16120;0.00365084
16130;0.00364787
16140;0.00365011
16150;0.00364888
16160;0.00364464
16170;0.0036448
16180;0.0036439
16190;0.00364443
16200;0.00364322
16210;0.00363964
16220;0.00363709
16230;0.00363916
16240;0.00363467
16250;0.00363547
16260;0.00363365
16270;0.00363109
16280;0.00363123
16290;0.00363238
16300;0.0036289
16310;0.00362668
16320;0.0036288
16330;0.00362533
16340;0.00362641
16350;0.00362161
16360;0.00362176
16370;0.00362283
16380;0.00361932
16390;0.00361851
16400;0.00361566
16410;0.00361616
16420;0.00361693
16430;0.00361575
16440;0.00361421
16450;0.00361346
16460;0.00361058
16470;0.00360779
16480;0.00360764
16490;0.00360649
16500;0.00360394
16510;0.00360608
16520;0.00360399
16530;0.00360086
16540;0.00359932
16550;0.00359949
16560;0.00359924
16570;0.00359583
16580;0.00359471
16590;0.00359386
16600;0.00359238
16610;0.0035948
16620;0.00359142
16630;0.00359086
16640;0.00358781
16650;0.0035902
16660;0.00358903
16670;0.00358662
16680;0.00358641
16690;0.00358334
16700;0.00358221
16710;0.00358006
16720;0.00357859
16730;0.00358059
16740;0.00357668
16750;0.00357517
16760;0.00357528
16770;0.00357289
16780;0.00357528
16790;0.00357219
16800;0.00357294
16810;0.00356833
16820;0.00356851
16830;0.00356767
16840;0.00356655
16850;0.00356377
16860;0.00356615
16870;0.00356509
16880;0.00356358
16890;0.00356058
16900;0.00355817
16910;0.00356048
16920;0.00355781
16930;0.00355824
16940;0.00355713
16950;0.00355384
16960;0.00355486
16970;0.00355034
16980;0.00355262
16990;0.00354932
17000;0.0035501
17010;0.00354714
17020;0.00354823
17030;0.00354551
17040;0.00354476
17050;0.00354143
17060;0.00354372
17070;0.00353926
17080;0.00354119
17090;0.00353831
17100;0.00353721
17110;0.00353488
17120;0.00353495
17130;0.00353447
17140;0.00353279
17150;0.00353168
17160;0.00353052
17170;0.00353008
17180;0.00352717
17190;0.00352609
17200;0.00352529
17210;0.0035269
17220;0.00352614
17230;0.00352477
17240;0.00352245
17250;0.00351956
17260;0.00351845
17270;0.00351737
17280;0.00351622
17290;0.00351519
17300;0.00351714
17310;0.00351335
17320;0.00351198
17330;0.00351268
17340;0.00351309
17350;0.00351052
17360;0.00351093
17370;0.00350835
17380;0.00350881
17390;0.00350562
17400;0.00350335
17410;0.0035023
17420;0.00350334
17430;0.0035001
17440;0.00349908
17450;0.00349918
17460;0.00349695
17470;0.00349886
17480;0.0034966
17490;0.00349376
17500;0.00349387
17510;0.00349285
17520;0.00349051
17530;0.00348951
17540;0.00348966
17550;0.00348768
17560;0.00348747
17570;0.00348704
17580;0.00348717
17590;0.00348611
17600;0.00348419
17610;0.00348101
17620;0.00348326
17630;0.00347898
17640;0.00347819
17650;0.00347895
17660;0.00347581
17670;0.00347649
17680;0.00347661
17690;0.00347583
17700;0.00347158
17710;0.00347345
17720;0.0034695
17730;0.00347162
17740;0.00346739
17750;0.00346928
17760;0.00346648
17770;0.00346541
17780;0.00346614
17790;0.00346336
17800;0.00346407
17810;0.0034601
17820;0.00346229
17830;0.00346125
17840;0.00345991
17850;0.00345718
17860;0.00345615
17870;0.00345398
17880;0.00345607
17890;0.00345219
17900;0.0034509
17910;0.00345157
17920;0.00345197
17930;0.00345061
17940;0.00344788
17950;0.00344687
17960;0.00344591
17970;0.00344658
17980;0.00344583
17990;0.00344313
18000;0.00344381
18010;0.00343966
18020;0.00343983
18030;0.00343761
18040;0.00343776
18050;0.00343674
18060;0.0034357
18070;0.00343354
18080;0.00343458
18090;0.00343269
18100;0.00343361
18110;0.00343261
18120;0.00342961
18130;0.0034289
18140;0.00342963
18150;0.00342827
18160;0.00342449
18170;0.0034235
18180;0.00342362
18190;0.00342147
18200;0.00342162
18210;0.0034226
18220;0.00341958
18230;0.0034175
18240;0.00341953
18250;0.00341828
18260;0.00341754
18270;0.0034146
18280;0.00341529
18290;0.00341153
18300;0.00341056
18310;0.00341232
18320;0.00341127
18330;0.00340756
18340;0.00340655
18350;0.00340669
18360;0.00340622
18370;0.00340465
18380;0.00340368
18390;0.00340268
18400;0.00340066
18410;0.00340161
18420;0.00340005
18430;0.00339932
18440;0.00339835
18450;0.00339873
18460;0.00339668
18470;0.00339677
18480;0.00339446
18490;0.00339458
18500;0.00339195
18510;0.00339262
18520;0.00339193
18530;0.00338798
18540;0.00338861
18550;0.00338602
18560;0.00338804
18570;0.00338545
18580;0.00338307
18590;0.00338214
18600;0.00338223
18610;0.00338054
18620;0.00337928
18630;0.00337992
18640;0.00338035
18650;0.00337748
18660;0.00337545
18670;0.00337553
18680;0.00337619
18690;0.00337254
18700;0.00337185
18710;0.00337094
18720;0.00337261
18730;0.00336874
18740;0.00336777
18750;0.0033695
18760;0.00336881
18770;0.00336492
18780;0.00336424
18790;0.00336303
18800;0.0033631
18810;0.00336112
18820;0.00336306
18830;0.00336217
18840;0.0033609
18850;0.00336027
18860;0.00335927
18870;0.00335674
18880;0.00335473
18890;0.00335641
18900;0.00335547
18910;0.00335167
18920;0.00335335
18930;0.00335265
18940;0.0033504
18950;0.00334976
18960;0.00334988
18970;0.00334733
18980;0.00334616
18990;0.00334523
19000;0.00334322
19010;0.00334334
19020;0.00334238
19030;0.00334331
19040;0.00334052
19050;0.00333858
19060;0.00333796
19070;0.00333676
19080;0.00333737
19090;0.00333595
19100;0.00333526
19110;0.00333563
19120;0.00333208
19130;0.00333119
19140;0.00333027
19150;0.00333221
19160;0.00333026
19170;0.00332751
19180;0.00332662
19190;0.00332849
19200;0.00332629
19210;0.00332637
19220;0.00332573
19230;0.00332355
19240;0.00332211
19250;0.00332273
19260;0.00332207
19270;0.0033186
19280;0.00331743
19290;0.00331757
19300;0.0033184
19310;0.00331471
19320;0.0033138
19330;0.00331291
19340;0.00331327
19350;0.00331111
19360;0.00331044
19370;0.00330928
19380;0.0033084
19390;0.00330778
19400;0.00330838
19410;0.00330743
19420;0.00330581
19430;0.00330487
19440;0.00330548
19450;0.00330231
19460;0.00330117
19470;0.00330308
19480;0.00330217
19490;0.00330024
19500;0.00329759
19510;0.00329765
19520;0.00329829
19530;0.00329485
19540;0.00329502
19550;0.00329557
19560;0.00329494
19570;0.0032938
19580;0.00329143
19590;0.00329231
19600;0.00328963
19610;0.00328872
19620;0.00328961
19630;0.00328624
19640;0.00328634
19650;0.00328693
19660;0.00328579
19670;0.00328487
19680;0.0032828
19690;0.00328165
19700;0.00327978
19710;0.0032816
19720;0.00328046
19730;0.00327985
19740;0.00327727
19750;0.00327806
19760;0.00327572
19770;0.00327462
19780;0.00327302
19790;0.0032746
19800;0.00327368
19810;0.00327187
19820;0.00327025
19830;0.00327012
19840;0.00326851
19850;0.00326931
19860;0.00326843
19870;0.00326754
19880;0.00326493
19890;0.00326551
19900;0.00326318
19910;0.0032614
19920;0.00326318
19930;0.0032596
19940;0.00325878
19950;0.00326056
19960;0.00325947
19970;0.00325619
19980;0.00325796
19990;0.00325708
20000;0.00325624
20010;0.00325393
20020;0.00325284
20030;0.0032522
20040;0.00325015
20050;0.0032519
20060;0.00324941
20070;0.00324928
20080;0.00324935
20090;0.00324827
20100;0.00324503
20110;0.00324561
20120;0.00324568
20130;0.00324509
20140;0.00324398
20150;0.00324079
20160;0.00324018
20170;0.0032391
20180;0.0032392
20190;0.00323836
20200;0.00323678
20210;0.00323662
20220;0.00323481
20230;0.00323401
20240;0.00323456
20250;0.00323231
20260;0.00323169
20270;0.00323297
20280;0.00323073
20290;0.00322919
20300;0.00322835
20310;0.00322959
20320;0.00322898
20330;0.00322651
20340;0.00322472
20350;0.00322621
20360;0.00322394
20370;0.0032222
20380;0.00322392
20390;0.00322309
20400;0.00322203
20410;0.00321883
20420;0.00321943
20430;0.00321977
20440;0.00321797
20450;0.0032167
20460;0.00321494
20470;0.00321549
20480;0.00321307
20490;0.00321386
20500;0.00321278
20510;0.00321222
20520;0.00320969
20530;0.00321029
20540;0.00320807
20550;0.00320888
20560;0.00320895
20570;0.00320791
20580;0.00320501
20590;0.00320647
20600;0.00320407
20610;0.00320482
20620;0.00320171
20630;0.00320089
20640;0.00320121
20650;0.0031999
20660;0.00320068
20670;0.003199
20680;0.00319652
20690;0.00319576
20700;0.00319494
20710;0.00319499
20720;0.00319419
20730;0.00319343
20740;0.0031917
20750;0.00319089
20760;0.00319167
20770;0.0031904
20780;0.00318868
20790;0.00318878
20800;0.00318705
20810;0.00318624
20820;0.00318682
20830;0.00318531
20840;0.00318446
20850;0.003183
20860;0.00318198
20870;0.00318204
20880;0.00318061
20890;0.00317978
20900;0.00317877
20910;0.00317797
20920;0.00317714
20930;0.00317657
20940;0.00317798
20950;0.00317717
20960;0.00317636
20970;0.00317334
20980;0.00317318
20990;0.00317241
21000;0.00317092
21010;0.00317077
21020;0.00317069
21030;0.0031683
21040;0.00316838
21050;0.00316913
21060;0.00316834
21070;0.00316512
21080;0.00316435
21090;0.00316378
21100;0.00316278
21110;0.00316308
21120;0.00316203
21130;0.00316196
21140;0.0031618
21150;0.00315881
21160;0.00315891
21170;0.00315807
21180;0.00315666
21190;0.00315784
21200;0.00315596
21210;0.00315494
21220;0.00315355
21230;0.00315339
21240;0.00315258
21250;0.0031518
21260;0.00315011
21270;0.00314936
21280;0.00315074
21290;0.00314803
21300;0.00314921
21310;0.00314711
21320;0.00314785
21330;0.00314625
21340;0.00314393
21350;0.00314336
21360;0.00314239
21370;0.00314161
21380;0.00314171
21390;0.00314026
21400;0.00314139
21410;0.00313934
21420;0.00313986
21430;0.00313693
21440;0.00313852
21450;0.00313668
21460;0.00313614
21470;0.00313409
21480;0.00313395
21490;0.00313231
21500;0.00313155
21510;0.00313098
21520;0.00313001
21530;0.00313074
21540;0.00312931
21550;0.00313005
21560;0.00312928
21570;0.00312829
21580;0.0031254
21590;0.00312484
21600;0.00312388
21610;0.00312397
21620;0.00312316
21630;0.00312245
21640;0.00312315
21650;0.00312217
21660;0.00311931
21670;0.00311855
21680;0.0031186
21690;0.00311698
21700;0.00311713
21710;0.00311676
21720;0.00311475
21730;0.00311399
21740;0.0031132
21750;0.00311459
21760;0.00311255
21770;0.00311327
21780;0.00311252
21790;0.00311052
21800;0.00310954
21810;0.00310797
21820;0.00310954
21830;0.00310876
21840;0.00310696
21850;0.00310622
21860;0.00310423
21870;0.00310581
21880;0.00310272
21890;0.00310218
21900;0.00310125
21910;0.00310174
21920;0.00310202
21930;0.00310108
21940;0.0030982
21950;0.00309981
21960;0.00309754
21970;0.00309595
21980;0.00309628
21990;0.0030945
22000;0.00309584
22010;0.00309427
22020;0.00309436
22030;0.00309236
22040;0.00309082
22050;0.00309008
22060;0.0030908
22070;0.0030909
22080;0.00308867
22090;0.00308715
22100;0.00308723
22110;0.00308687
22120;0.00308511
22130;0.00308539
22140;0.00308466
22150;0.00308393
22160;0.0030832
22170;0.00308126
22180;0.00308134
22190;0.0030808
22200;0.00307903
22210;0.0030783
22220;0.00307837
22230;0.00307684
22240;0.0030769
22250;0.00307539
22260;0.00307612
22270;0.00307496
22280;0.0030752
22290;0.00307388
22300;0.00307175
22310;0.00307103
22320;0.00307151
22330;0.00307078
22340;0.00306965
22350;0.00307033
22360;0.00306961
22370;0.00306667
22380;0.00306817
22390;0.00306522
22400;0.00306651
22410;0.00306378
22420;0.00306308
22430;0.00306436
22440;0.00306363
22450;0.0030611
22460;0.00306042
22470;0.00305946
22480;0.00305996
22490;0.00306023
22500;0.00305752
22510;0.00305739
22520;0.00305667
22530;0.00305736
22540;0.00305565
22550;0.00305597
22560;0.00305304
22570;0.00305451
22580;0.00305377
22590;0.00305109
22600;0.00305216
22610;0.00305165
22620;0.00304876
22630;0.00304805
22640;0.00304809
22650;0.00304739
22660;0.00304727
22670;0.0030474
22680;0.0030445
22690;0.00304375
22700;0.00304304
22710;0.00304314
22720;0.00304363
22730;0.00304097
22740;0.00304242
22750;0.00304035
22760;0.00303964
22770;0.00303815
22780;0.0030396
22790;0.00303754
22800;0.00303681
22810;0.00303729
22820;0.00303464
22830;0.00303493
22840;0.00303542
22850;0.00303468
22860;0.00303186
22870;0.00303114
22880;0.00303044
22890;0.00303187
22900;0.00302906
22910;0.00302912
22920;0.00302788
22930;0.00302698
22940;0.00302724
22950;0.00302694
22960;0.00302682
22970;0.00302557
22980;0.00302352
22990;0.0030236
23000;0.00302328
23010;0.00302165
23020;0.00302093
23030;0.00302004
23040;0.00302014
23050;0.00301982
23060;0.00301817
23070;0.00301803
23080;0.00301661
23090;0.00301803
23100;0.00301523
23110;0.00301664
23120;0.00301599
23130;0.00301391
23140;0.00301326
23150;0.00301256
23160;0.0030132
23170;0.00301229
23180;0.00301181
23190;0.00300903
23200;0.00301023
23210;0.00300954
23220;0.00300794
23230;0.00300705
23240;0.00300676
23250;0.00300607
23260;0.00300633
23270;0.00300356
23280;0.00300367
23290;0.00300299
23300;0.00300366
23310;0.00300161
23320;0.00300205
23330;0.00299952
23340;0.00300089
23350;0.00299893
23360;0.00299821
23370;0.00299682
23380;0.00299687
23390;0.00299756
23400;0.00299552
23410;0.00299484
23420;0.00299417
23430;0.00299275
23440;0.00299282
23450;0.00299328
23460;0.00299168
23470;0.00299026
23480;0.00299012
23490;0.00298892
23500;0.00299011
23510;0.00298948
23520;0.0029867
23530;0.00298682
23540;0.00298558
23550;0.00298606
23560;0.00298592
23570;0.00298413
23580;0.00298294
23590;0.00298317
23600;0.00298344
23610;0.00298258
23620;0.00298139
23630;0.00297942
23640;0.00297967
23650;0.0029781
23660;0.00297744
23670;0.00297695
23680;0.00297814
23690;0.00297637
23700;0.00297681
23710;0.00297615
23720;0.00297547
23730;0.00297279
23740;0.00297415
23750;0.00297241
23760;0.00297285
23770;0.00297146
23780;0.00296951
23790;0.00296958
23800;0.00296931
23810;0.00296827
23820;0.00296688
23830;0.00296696
23840;0.00296562
23850;0.00296513
23860;0.00296431
23870;0.00296473
23880;0.00296481
23890;0.00296432
23900;0.0029635
23910;0.00296103
23920;0.00296038
23930;0.00296048
23940;0.0029598
23950;0.00295843
23960;0.00295779
23970;0.0029584
23980;0.00295848
23990;0.00295766
24000;0.00295698
24010;0.00295545
24020;0.00295389
24030;0.00295325
24040;0.00295461
24050;0.0029532
24060;0.0029513
24070;0.00295067
24080;0.00295198
24090;0.00294936
24100;0.00294873
24110;0.00294808
24120;0.0029494
24130;0.00294875
24140;0.00294631
24150;0.00294569
24160;0.00294484
24170;0.00294441
24180;0.00294358
24190;0.00294366
24200;0.00294298
24210;0.00294344
24220;0.002943
24230;0.00294037
24240;0.002941
24250;0.00293979
24260;0.00293843
24270;0.0029396
24280;0.00293896
24290;0.00293761
24300;0.00293589
24310;0.00293529
24320;0.0029366
24330;0.00293399
24340;0.00293512
24350;0.00293276
24360;0.00293283
24370;0.00293165
24380;0.00293153
24390;0.00293093
24400;0.00293046
24410;0.00292895
24420;0.00292901
24430;0.0029277
24440;0.00292881
24450;0.00292834
24460;0.00292576
24470;0.00292709
24480;0.00292628
24490;0.0029241
24500;0.00292395
24510;0.00292265
24520;0.00292223
24530;0.00292314
24540;0.00292146
24550;0.00292014
24560;0.00292126
24570;0.00291957
24580;0.00291827
24590;0.00291762
24600;0.00291771
24610;0.0029183
24620;0.00291683
24630;0.0029162
24640;0.00291456
24650;0.00291392
24660;0.00291331
24670;0.0029144
24680;0.00291378
24690;0.00291333
24700;0.00291082
24710;0.00291016
24720;0.00290959
24730;0.00291066
24740;0.00290851
24750;0.00290793
24760;0.00290711
24770;0.00290839
24780;0.00290589
24790;0.00290597
24800;0.00290584
24810;0.00290595
24820;0.00290408
24830;0.00290449
24840;0.00290407
24850;0.00290175
24860;0.00290114
24870;0.00290101
24880;0.00289974
24890;0.00289913
24900;0.00289869
24910;0.00289877
24920;0.002899
24930;0.0028967
24940;0.00289678
24950;0.00289547
24960;0.00289554
24970;0.00289427
24980;0.00289482
24990;0.00289424
25000;0.00289412
25010;0.00289179
25020;0.00289206
25030;0.00289162
25040;0.00289101
25050;0.00288939
25060;0.00288948
25070;0.0028882
25080;0.00288778
25090;0.00288814
25100;0.00288821
25110;0.00288742
25120;0.00288582
25130;0.00288457
25140;0.00288396
25150;0.00288503
25160;0.0028834
25170;0.00288299
25180;0.00288271
25190;0.00288163
25200;0.00288202
25210;0.00288158
25220;0.00287999
25230;0.00287923
25240;0.00287796
25250;0.00287803
25260;0.00287692
25270;0.00287614
25280;0.00287557
25290;0.00287499
25300;0.00287458
25310;0.00287494
25320;0.00287501
25330;0.0028726
25340;0.00287366
25350;0.0028714
25360;0.00287149
25370;0.00287089
25380;0.00287127
25390;0.00287002
25400;0.00286911
25410;0.00286866
25420;0.00286823
25430;0.00286662
25440;0.00286607
25450;0.00286664
25460;0.00286671
25470;0.00286608
25480;0.0028645
25490;0.00286376
25500;0.00286431
25510;0.00286193
25520;0.00286313
25530;0.00286141
25540;0.00286016
25550;0.00286023
25560;0.00286076
25570;0.00286021
25580;0.0028578
25590;0.00285899
25600;0.00285663
25610;0.00285605
25620;0.00285562
25630;0.00285665
25640;0.00285607
25650;0.00285453
25660;0.00285314
25670;0.00285371
25680;0.00285373
25690;0.00285137
25700;0.0028508
25710;0.00285202
25720;0.0028506
25730;0.00285001
25740;0.00284846
25750;0.00284788
25760;0.00284747
25770;0.00284738
25780;0.0028479
25790;0.00284557
25800;0.00284579
25810;0.00284507
25820;0.00284383
25830;0.00284389
25840;0.0028433
25850;0.00284226
25860;0.00284313
25870;0.00284271
25880;0.00284037
25890;0.00284045
25900;0.0028408
25910;0.00284025
25920;0.00283807
25930;0.00283863
25940;0.00283866
25950;0.00283794
25960;0.00283578
25970;0.00283615
25980;0.00283573
25990;0.0028347
26000;0.00283504
26010;0.00283355
26020;0.00283295
26030;0.00283335
26040;0.00283119
26050;0.00283062
26060;0.00283162
26070;0.0028295
26080;0.0028305
26090;0.00282835
26100;0.00282843
26110;0.00282786
26120;0.00282662
26130;0.0028278
26140;0.0028263
26150;0.00282667
26160;0.00282439
26170;0.00282397
26180;0.00282325
26190;0.0028227
26200;0.00282367
26210;0.0028231
26220;0.00282254
26230;0.00282042
26240;0.00282161
26250;0.00281993
26260;0.00281873
26270;0.00281896
26280;0.00281761
26290;0.00281706
26300;0.0028165
26310;0.00281765
26320;0.00281694
26330;0.00281482
26340;0.00281488
26350;0.0028143
26360;0.00281424
26370;0.00281257
26380;0.00281373
26390;0.00281299
26400;0.00281263
26410;0.00281097
26420;0.00280979
26430;0.00280986
26440;0.00281036
26450;0.00280872
26460;0.0028091
26470;0.00280778
26480;0.00280704
26490;0.00280682
26500;0.00280689
26510;0.00280538
26520;0.00280423
26530;0.00280538
26540;0.00280404
26550;0.00280365
26560;0.00280201
26570;0.00280147
26580;0.00280151
26590;0.00280035
26600;0.0027998
26610;0.00279985
26620;0.00280038
26630;0.00279891
26640;0.00279836
26650;0.00279856
26660;0.00279665
26670;0.00279654
26680;0.00279601
26690;0.00279486
26700;0.00279598
26710;0.00279376
26720;0.00279488
26730;0.00279267
26740;0.00279378
26750;0.00279266
26760;0.00279104
26770;0.002792
26780;0.00279145
26790;0.00279109
26800;0.00278946
26810;0.00278889
26820;0.00278776
26830;0.00278721
26840;0.00278817
26850;0.00278628
26860;0.00278647
26870;0.00278671
26880;0.00278537
26890;0.00278561
26900;0.00278489
26910;0.00278343
26920;0.00278337
26930;0.00278251
26940;0.0027818
26950;0.00278218
26960;0.00278164
26970;0.00277975
26980;0.00278009
26990;0.00278002
27000;0.00277962
27010;0.00277907
27020;0.00277839
27030;0.00277696
27040;0.00277582
27050;0.00277617
27060;0.00277623
27070;0.00277435
27080;0.00277367
27090;0.0027733
27100;0.00277276
27110;0.00277355
27120;0.00277318
27130;0.00277156
27140;0.00277061
27150;0.00276992
27160;0.00276995
27170;0.00276945
27180;0.0027698
27190;0.00276838
27200;0.00276725
27210;0.00276745
27220;0.00276618
27230;0.00276565
27240;0.00276569
27250;0.00276473
27260;0.00276567
27270;0.002765
27280;0.00276314
27290;0.00276334
27300;0.00276194
27310;0.00276141
27320;0.00276087
27330;0.00276182
27340;0.00275997
27350;0.0027593
27360;0.00275937
27370;0.00275825
27380;0.00275773
27390;0.00275824
27400;0.00275681
27410;0.00275614
27420;0.00275721
27430;0.00275655
27440;0.00275455
27450;0.00275404
27460;0.0027541
27470;0.00275299
27480;0.00275305
27490;0.00275252
27500;0.0027514
27510;0.00275161
27520;0.00275036
27530;0.00274984
27540;0.00275018
27550;0.00275024
27560;0.00274883
27570;0.00274775
27580;0.00274723
27590;0.00274669
27600;0.00274776
27610;0.00274625
27620;0.00274586
27630;0.00274459
27640;0.00274568
27650;0.00274356
27660;0.00274362
27670;0.00274269
27680;0.00274218
27690;0.00274164
27700;0.00274256
27710;0.00274063
27720;0.00273996
27730;0.00274015
27740;0.00273908
27750;0.00273943
27760;0.00273949
27770;0.00273751
27780;0.00273846
27790;0.00273706
27800;0.0027374
27810;0.00273634
27820;0.00273534
27830;0.00273429
27840;0.00273376
27850;0.00273339
27860;0.00273416
27870;0.00273222
27880;0.00273256
27890;0.00273175
27900;0.00273068
27910;0.00273073
27920;0.00272963
27930;0.00272929
27940;0.00272861
27950;0.00272871
27960;0.0027282
27970;0.00272711
27980;0.00272759
27990;0.0027261
28000;0.00272556
28010;0.00272505
28020;0.00272514
28030;0.00272491
28040;0.00272356
28050;0.00272305
28060;0.00272253
28070;0.00272303
28080;0.00272249
28090;0.00272098
28100;0.00272191
28110;0.00272
28120;0.00272089
28130;0.00271899
28140;0.00271931
28150;0.00271796
28160;0.00271801
28170;0.00271836
28180;0.00271645
28190;0.00271735
28200;0.00271615
28210;0.00271548
28220;0.00271544
28230;0.00271408
28240;0.00271343
28250;0.00271309
28260;0.002713
28270;0.00271193
28280;0.00271197
28290;0.00271106
28300;0.00271179
28310;0.00270989
28320;0.00270996
28330;0.00270961
28340;0.00270842
28350;0.00270792
28360;0.00270742
28370;0.00270748
28380;0.00270643
28390;0.00270731
28400;0.00270681
28410;0.00270629
28420;0.00270496
28430;0.00270547
28440;0.00270357
28450;0.00270348
28460;0.00270301
28470;0.00270347
28480;0.00270228
28490;0.00270194
28500;0.002702
28510;0.0027001
28520;0.00269948
28530;0.00269953
28540;0.00269999
28550;0.00269895
28560;0.00269887
28570;0.00269798
28580;0.00269664
28590;0.00269751
28600;0.00269552
28610;0.00269556
28620;0.00269453
28630;0.00269404
28640;0.00269411
28650;0.00269306
28660;0.00269325
28670;0.00269261
28680;0.00269295
28690;0.0026911
28700;0.0026921
28710;0.00269163
28720;0.00268963
28730;0.00268981
28740;0.00268933
28750;0.00268884
28760;0.00268768
28770;0.00268868
28780;0.00268818
28790;0.00268634
28800;0.00268572
28810;0.00268537
28820;0.00268474
28830;0.00268479
28840;0.00268378
28850;0.00268477
28860;0.00268334
28870;0.00268244
28880;0.0026833
28890;0.00268133
28900;0.00268166
28910;0.00268036
28920;0.00267988
28930;0.00268087
28940;0.00268024
28950;0.00267858
28960;0.00267941
28970;0.00267745
28980;0.00267697
28990;0.00267799
29000;0.00267668
29010;0.00267687
29020;0.00267505
29030;0.00267457
29040;0.00267408
29050;0.00267361
29060;0.00267312
29070;0.00267319
29080;0.00267268
29090;0.00267168
29100;0.00267173
29110;0.0026707
29120;0.00267024
29130;0.00266977
29140;0.00266983
29150;0.00266935
29160;0.00266846
29170;0.00266865
29180;0.00266832
29190;0.0026682
29200;0.00266788
29210;0.00266739
29220;0.00266679
29230;0.00266565
29240;0.00266584
29250;0.00266418
29260;0.00266408
29270;0.00266321
29280;0.00266352
29290;0.00266345
29300;0.00266219
29310;0.00266184
29320;0.0026607
29330;0.00266155
29340;0.00266029
29350;0.0026606
29360;0.0026588
29370;0.00265924
29380;0.00265917
29390;0.00265754
29400;0.00265838
29410;0.00265789
29420;0.00265647
29430;0.00265681
29440;0.00265503
29450;0.00265506
29460;0.00265474
29470;0.00265411
29480;0.00265458
29490;0.0026532
29500;0.00265351
29510;0.00265174
29520;0.00265126
29530;0.0026513
29540;0.00265126
29550;0.00264986
29560;0.00264937
29570;0.00264905
29580;0.00264896
29590;0.00264927
29600;0.00264803
29610;0.00264705
29620;0.00264804
29630;0.00264612
29640;0.00264566
29650;0.00264519
29660;0.00264485
29670;0.00264478
29680;0.0026443
29690;0.00264477
29700;0.00264427
29710;0.00264367
29720;0.00264246
29730;0.00264275
29740;0.002641
29750;0.00264118
29760;0.00264151
29770;0.00264038
29780;0.00264004
29790;0.00264009
29800;0.0026395
29810;0.00263904
29820;0.00263742
29830;0.00263684
29840;0.00263728
29850;0.00263655
29860;0.00263684
29870;0.00263496
29880;0.00263529
29890;0.00263421
29900;0.0026341
29910;0.00263455
29920;0.00263281
29930;0.00263224
29940;0.00263241
29950;0.00263259
29960;0.00263225
29970;0.00263116
29980;0.00262994
29990;0.00263
