0;0.148846
10;-0.00301483
20;0.00049694
30;-0.00320075
40;-0.000517912
50;-0.00395971
60;0.000685096
70;-0.00790504
80;-0.00339889
90;-0.00810736
100;-0.0109949
110;0.00151099
120;0.0355172
130;0.0506196
140;0.042291
150;0.0447215
160;0.0430052
170;0.0377481
180;0.0297985
190;0.0270026
200;0.0247594
210;0.025168
220;0.0218327
230;0.0205763
240;0.0191614
250;0.0178674
260;0.018167
270;0.016387
280;0.0169848
290;0.0185722
300;0.0140975
310;0.0171053
320;0.016696
330;0.0143939
340;0.012332
350;0.0123371
360;0.0120661
370;0.0124853
380;0.0116933
390;0.0118224
400;0.0119302
410;0.0160694
420;0.0144839
430;0.0159083
440;0.0135475
450;0.011861
460;0.0158492
470;0.0134333
480;0.0170566
490;0.0103571
500;0.0148836
510;0.0101252
520;0.0118444
530;0.0141765
540;0.0157573
550;0.0165258
560;0.0154807
570;0.0145799
580;0.0146883
590;0.0162486
600;0.0155555
610;0.0139744
620;0.0149721
630;0.0144737
640;0.0144147
650;0.0143604
660;0.0139956
670;0.0141765
680;0.0131652
690;0.0133997
700;0.0133913
710;0.0132355
720;0.0127917
730;0.0126611
740;0.0127155
750;0.012584
760;0.0119079
770;0.0124115
780;0.0121106
790;0.0119307
800;0.0113285
810;0.0115983
820;0.0112018
830;0.0113364
840;0.0111218
850;0.0111415
860;0.0108471
870;0.0110571
880;0.0106243
890;0.0103876
900;0.0103301
910;0.0100556
920;0.0104598
930;0.0101796
940;0.00999611
950;0.00996556
960;0.00986088
970;0.00940164
980;0.00949824
990;0.00947045
1000;0.0093746
1010;0.00932641
1020;0.00929785
1030;0.00906756
1040;0.00903427
1050;0.0088309
1060;0.00891213
1070;0.00884032
1080;0.00871497
1090;0.00862047
1100;0.0085916
1110;0.00865051
1120;0.00853618
1130;0.00848738
1140;0.00844724
1150;0.00830609
1160;0.00814865
1170;0.00815721
1180;0.00819122
1190;0.0079987
1200;0.00789847
1210;0.00781762
1220;0.00781399
1230;0.00791651
1240;0.00774092
1250;0.00773282
1260;0.0077375
1270;0.00760215
1280;0.00759059
1290;0.00744773
1300;0.00735349
1310;0.00736394
1320;0.00733251
1330;0.00724771
1340;0.00723277
1350;0.00719407
1360;0.00715489
1370;0.00708633
1380;0.00713347
1390;0.00698882
1400;0.00705079
1410;0.00700442
1420;0.00689285
1430;0.00689703
1440;0.00681006
1450;0.00680445
1460;0.00667882
1470;0.00666528
1480;0.00661597
1490;0.00666474
1500;0.00656879
1510;0.00657423
1520;0.00655556
1530;0.00642478
1540;0.00647937
1550;0.00640848
1560;0.00631859
1570;0.0063064
1580;0.00635052
1590;0.00627743
1600;0.00623081
1610;0.00619003
1620;0.0061726
1630;0.00613252
1640;0.00607182
1650;0.00604311
1660;0.00609539
1670;0.00601211
1680;0.00603896
1690;0.00598965
1700;0.00595203
1710;0.00593051
1720;0.00584914
1730;0.00579762
1740;0.00585595
1750;0.00576658
1760;0.00573564
1770;0.005725
1780;0.00575012
1790;0.00570964
1800;0.00566664
1810;0.00567017
1820;0.0055957
1830;0.00556358
1840;0.00555967
1850;0.00551369
1860;0.00557065
1870;0.00550876
1880;0.00544691
1890;0.00544806
1900;0.00539229
1910;0.00537987
1920;0.00535372
1930;0.00537628
1940;0.00530773
1950;0.00528094
1960;0.00532302
1970;0.00530464
1980;0.00520991
1990;0.00525424
2000;0.00517531
2010;0.0051576
2020;0.00515293
2030;0.00515164
2040;0.00509473
2050;0.00510558
2060;0.00507874
2070;0.00508291
2080;0.0050273
2090;0.00499945
2100;0.00499233
2110;0.00493863
2120;0.00499578
2130;0.00495094
2140;0.00490621
2150;0.00489599
2160;0.0049189
2170;0.00484264
2180;0.00487785
2190;0.00485873
2200;0.00482455
2210;0.00478477
2220;0.00481436
2230;0.004741
2240;0.00473436
2250;0.00477117
2260;0.0047154
2270;0.00469046
2280;0.00468455
2290;0.00469503
2300;0.00464345
2310;0.00465625
2320;0.00459929
2330;0.004586
2340;0.0045937
2350;0.00454862
2360;0.00455119
2370;0.00453339
2380;0.00455487
2390;0.00449459
2400;0.00450881
2410;0.00447818
2420;0.0044671
2430;0.00448554
2440;0.00443103
2450;0.00442991
2460;0.0044088
2470;0.00440775
2480;0.00437625
2490;0.0043641
2500;0.00435162
2510;0.00436481
2520;0.00431019
2530;0.00430523
2540;0.00431214
2550;0.00430369
2560;0.00427765
2570;0.00428451
2580;0.00426029
2590;0.00425423
2600;0.0042222
2610;0.0041984
2620;0.00420852
2630;0.00419729
2640;0.00419342
2650;0.00415141
2660;0.00414286
2670;0.00412955
2680;0.00414261
2690;0.00413143
2700;0.00409115
2710;0.0041054
2720;0.00408859
2730;0.00406155
2740;0.00405897
2750;0.00405186
2760;0.00403583
2770;0.00403712
2780;0.00400137
2790;0.00399715
2800;0.00398874
2810;0.00399167
2820;0.00399622
2830;0.00395552
2840;0.00393277
2850;0.00391828
2860;0.00390916
2870;0.0039111
2880;0.00392058
2890;0.00391271
2900;0.00387915
2910;0.00389094
2920;0.00385797
2930;0.0038545
2940;0.00384202
2950;0.00384096
2960;0.00381698
2970;0.00381888
2980;0.00379825
2990;0.00380348
3000;0.00378625
3010;0.00378171
3020;0.00378028
3030;0.00375133
3040;0.00376811
3050;0.00374907
3060;0.0037225
3070;0.00372515
3080;0.00369737
3090;0.00370702
3100;0.00370191
3110;0.00367701
3120;0.00366863
3130;0.00367283
3140;0.00365802
3150;0.00364298
3160;0.00364183
3170;0.00362356
3180;0.00361676
3190;0.00362464
3200;0.00359692
3210;0.00360915
3220;0.00359683
3230;0.00357904
3240;0.00356328
3250;0.00355281
3260;0.00355868
3270;0.0035527
3280;0.00353407
3290;0.00352513
3300;0.00352035
3310;0.00351129
3320;0.00349874
3330;0.00348783
3340;0.0035001
3350;0.00349391
3360;0.00348431
3370;0.00345911
3380;0.00345527
3390;0.00346011
3400;0.0034465
3410;0.00343059
3420;0.00342329
3430;0.00341692
3440;0.00341185
3450;0.00341552
3460;0.0034088
3470;0.00338523
3480;0.00338058
3490;0.00336996
3500;0.00337588
3510;0.00337041
3520;0.00336338
3530;0.00335126
3540;0.00333782
3550;0.00332314
3560;0.00333529
3570;0.00331048
3580;0.00330622
3590;0.0033021
3600;0.0033059
3610;0.00328197
3620;0.00329615
3630;0.00327908
3640;0.00327266
3650;0.00326711
3660;0.00327036
3670;0.0032535
3680;0.00324135
3690;0.00325082
3700;0.00324277
3710;0.00322643
3720;0.00321255
3730;0.0032215
3740;0.00320152
3750;0.00319547
3760;0.00318852
3770;0.0031816
3780;0.00319398
3790;0.0031697
3800;0.00317031
3810;0.00316708
3820;0.00315066
3830;0.00314585
3840;0.00314458
3850;0.00313031
3860;0.00313631
3870;0.00311813
3880;0.00311752
3890;0.00310694
3900;0.00311348
3910;0.00309338
3920;0.00310582
3930;0.00308288
3940;0.00308581
3950;0.00306997
3960;0.00307831
3970;0.00306254
3980;0.00305125
3990;0.00305265
4000;0.0030465
4010;0.00304717
4020;0.00303202
4030;0.00302586
4040;0.0030231
4050;0.00301506
4060;0.00301256
4070;0.00301197
4080;0.00299781
4090;0.00299833
4100;0.002989
4110;0.00298461
4120;0.00297624
4130;0.00296812
4140;0.00296708
4150;0.00296177
4160;0.0029641
4170;0.00295324
4180;0.00294646
4190;0.00294139
4200;0.00293698
4210;0.00293668
4220;0.00293585
4230;0.00293127
4240;0.00291545
4250;0.00291095
4260;0.00290477
4270;0.00290242
4280;0.00290546
4290;0.00289977
4300;0.00289198
4310;0.00287666
4320;0.00287559
4330;0.00287879
4340;0.00287537
4350;0.00286118
4360;0.00285511
4370;0.0028643
4380;0.00284618
4390;0.00284206
4400;0.00283499
4410;0.00282843
4420;0.00283293
4430;0.00282211
4440;0.0028145
4450;0.00281135
4460;0.00281015
4470;0.00281126
4480;0.00280028
4490;0.00279404
4500;0.00279457
4510;0.00278262
4520;0.00279034
4530;0.00278647
4540;0.00278379
4550;0.00277598
4560;0.00276644
4570;0.00275688
4580;0.00275513
4590;0.00275071
4600;0.00274464
4610;0.00274549
4620;0.00274069
4630;0.00273669
4640;0.0027319
4650;0.00273104
4660;0.0027254
4670;0.00271446
4680;0.00271702
4690;0.0027061
4700;0.00270493
4710;0.0026972
4720;0.00269377
4730;0.00268896
4740;0.0026832
4750;0.0026899
4760;0.00268453
4770;0.00268088
4780;0.00266903
4790;0.00267192
4800;0.00265988
4810;0.0026651
4820;0.00265975
4830;0.00264737
4840;0.00265473
4850;0.00263814
4860;0.00263533
4870;0.00263822
4880;0.00263693
4890;0.00262859
4900;0.00262345
4910;0.00261513
4920;0.00261034
4930;0.00261862
4940;0.00260436
4950;0.00260524
4960;0.00259731
4970;0.00259068
4980;0.00258731
4990;0.00258415
5000;0.0025814
5010;0.00257578
5020;0.00258167
5030;0.0025745
5040;0.00257237
5050;0.00256977
5060;0.00256785
5070;0.00255815
5080;0.00254969
5090;0.00254735
5100;0.00254322
5110;0.00253909
5120;0.0025424
5130;0.00253538
5140;0.00253767
5150;0.002527
5160;0.00252539
5170;0.00252699
5180;0.00252276
5190;0.00252021
5200;0.00251108
5210;0.00250789
5220;0.00250598
5230;0.00250182
5240;0.00249553
5250;0.00249281
5260;0.00248766
5270;0.00248648
5280;0.00247896
5290;0.00247674
5300;0.00247801
5310;0.00246999
5320;0.00246512
5330;0.00246987
5340;0.00246016
5350;0.00246443
5360;0.00245312
5370;0.00245016
5380;0.00244842
5390;0.00244259
5400;0.00244364
5410;0.00243553
5420;0.00243574
5430;0.00243662
5440;0.0024276
5450;0.00242544
5460;0.00242605
5470;0.00242226
5480;0.00241394
5490;0.00241144
5500;0.00240774
5510;0.0024051
5520;0.00240111
5530;0.00239649
5540;0.00239866
5550;0.00239401
5560;0.00238781
5570;0.00238959
5580;0.00238206
5590;0.00238007
5600;0.00238304
5610;0.00237978
5620;0.00237691
5630;0.00236731
5640;0.00236826
5650;0.00236477
5660;0.00235867
5670;0.0023593
5680;0.00235268
5690;0.002353
5700;0.00234573
5710;0.00234709
5720;0.00233962
5730;0.00234172
5740;0.00233447
5750;0.00233637
5760;0.00232681
5770;0.00232577
5780;0.00232127
5790;0.00232005
5800;0.00232381
5810;0.00231479
5820;0.00231427
5830;0.0023083
5840;0.00230924
5850;0.00230329
5860;0.00230341
5870;0.00230143
5880;0.00229413
5890;0.00229658
5900;0.00229405
5910;0.00229058
5920;0.00228086
5930;0.00227995
5940;0.00228083
5950;0.00227756
5960;0.00227524
5970;0.00227205
5980;0.00226987
5990;0.00226382
6000;0.00226405
6010;0.00226013
6020;0.00225506
6030;0.00225635
6040;0.00224984
6050;0.00224661
6060;0.00224416
6070;0.00224716
6080;0.00223908
6090;0.0022362
6100;0.0022384
6110;0.00223212
6120;0.00222951
6130;0.00223121
6140;0.0022236
6150;0.00222121
6160;0.00221774
6170;0.00221859
6180;0.00221277
6190;0.00221142
6200;0.00220711
6210;0.00220625
6220;0.00220309
6230;0.00220247
6240;0.00220238
6250;0.00219402
6260;0.00219701
6270;0.00219153
6280;0.00218803
6290;0.00218626
6300;0.00218193
6310;0.00217938
6320;0.00218142
6330;0.00217412
6340;0.00217569
6350;0.00216926
6360;0.00217017
6370;0.00216588
6380;0.0021666
6390;0.00215974
6400;0.00216028
6410;0.00215383
6420;0.0021519
6430;0.00215525
6440;0.00214778
6450;0.00214921
6460;0.00214294
6470;0.00214118
6480;0.00214252
6490;0.00213935
6500;0.00213709
6510;0.0021311
6520;0.00213217
6530;0.00212785
6540;0.00212802
6550;0.00212611
6560;0.00212331
6570;0.00212153
6580;0.00211396
6590;0.00211455
6600;0.00211518
6610;0.00211077
6620;0.002108
6630;0.00210489
6640;0.00210388
6650;0.00209854
6660;0.0020962
6670;0.00209575
6680;0.00209215
6690;0.00208865
6700;0.00208819
6710;0.00208507
6720;0.0020855
6730;0.00208069
6740;0.00207876
6750;0.00207628
6760;0.00207718
6770;0.00207625
6780;0.00207414
6790;0.0020685
6800;0.00206896
6810;0.00206225
6820;0.00206084
6830;0.00205941
6840;0.00205663
6850;0.00205812
6860;0.00205382
6870;0.0020546
6880;0.00205176
6890;0.00204594
6900;0.00204486
6910;0.00204309
6920;0.00204321
6930;0.00204018
6940;0.00203557
6950;0.00203687
6960;0.00203218
6970;0.00203016
6980;0.00202945
6990;0.00202561
7000;0.00202259
7010;0.00202294
7020;0.00202268
7030;0.00201699
7040;0.00201879
7050;0.00201204
7060;0.00201043
7070;0.00200953
7080;0.00201024
7090;0.00200546
7100;0.00200222
7110;0.00200002
7120;0.00200278
7130;0.00199524
7140;0.0019939
7150;0.00199224
7160;0.00198964
7170;0.00199214
7180;0.00198642
7190;0.00198629
7200;0.00198325
7210;0.00198124
7220;0.00198081
7230;0.00197914
7240;0.00197325
7250;0.00197253
7260;0.00197062
7270;0.00197222
7280;0.00196898
7290;0.00196673
7300;0.00196259
7310;0.00196326
7320;0.00196277
7330;0.00195666
7340;0.00195415
7350;0.00195238
7360;0.00195395
7370;0.00194872
7380;0.00195102
7390;0.00194489
7400;0.00194589
7410;0.00194518
7420;0.00193994
7430;0.00193898
7440;0.00194043
7450;0.00193622
7460;0.00193473
7470;0.00193306
7480;0.00193205
7490;0.00193041
7500;0.00192766
7510;0.0019271
7520;0.00192123
7530;0.00191934
7540;0.00192045
7550;0.00191927
7560;0.00191645
7570;0.00191164
7580;0.00191336
7590;0.00190855
7600;0.00190757
7610;0.00190503
7620;0.00190347
7630;0.00190381
7640;0.00190266
7650;0.00190053
7660;0.00189841
7670;0.00189513
7680;0.00189509
7690;0.0018945
7700;0.00188994
7710;0.00188808
7720;0.00188494
7730;0.0018848
7740;0.00188595
7750;0.00188122
7760;0.00187873
7770;0.00187811
7780;0.0018747
7790;0.00187287
7800;0.00187179
7810;0.00187313
7820;0.00187164
7830;0.00186636
7840;0.00186743
7850;0.00186327
7860;0.00186243
7870;0.00186147
7880;0.00186
7890;0.00185722
7900;0.00185759
7910;0.00185297
7920;0.0018516
7930;0.00184958
7940;0.00185064
7950;0.00184676
7960;0.00184482
7970;0.0018447
7980;0.00184384
7990;0.00184039
8000;0.00184154
8010;0.00183638
8020;0.00183649
8030;0.00183415
8040;0.00183108
8050;0.00183191
8060;0.00183131
8070;0.00182644
8080;0.00182767
8090;0.00182587
8100;0.00182162
8110;0.00182071
8120;0.0018181
8130;0.00181704
8140;0.00181638
8150;0.00181701
8160;0.00181445
8170;0.00181076
8180;0.00181094
8190;0.00180691
8200;0.00180549
8210;0.00180517
8220;0.00180285
8230;0.00180098
8240;0.00179978
8250;0.00180049
8260;0.00179857
8270;0.00179583
8280;0.00179498
8290;0.00179499
8300;0.00179207
8310;0.00178913
8320;0.00178807
8330;0.00178542
8340;0.00178738
8350;0.00178353
8360;0.00178323
8370;0.00178047
8380;0.00178141
8390;0.0017786
8400;0.00177606
8410;0.00177436
8420;0.0017735
8430;0.00177126
8440;0.00177102
8450;0.0017677
8460;0.00176591
8470;0.00176475
8480;0.00176289
8490;0.00176471
8500;0.00176174
8510;0.00176063
8520;0.00175671
8530;0.00175584
8540;0.00175402
8550;0.0017523
8560;0.00175333
8570;0.001751
8580;0.00174803
8590;0.00174667
8600;0.00174621
8610;0.00174506
8620;0.00174444
8630;0.0017437
8640;0.00173955
8650;0.00173964
8660;0.00173662
8670;0.00173532
8680;0.0017335
8690;0.00173406
8700;0.00173216
8710;0.0017298
8720;0.00173024
8730;0.00172659
8740;0.00172746
8750;0.00172422
8760;0.00172349
8770;0.00172211
8780;0.00171976
8790;0.00171861
8800;0.00171906
8810;0.0017159
8820;0.00171404
8830;0.00171395
8840;0.00171344
8850;0.00171289
8860;0.00171145
8870;0.00170727
8880;0.00170605
8890;0.00170635
8900;0.00170484
8910;0.00170366
8920;0.00170251
8930;0.00169862
8940;0.00169772
8950;0.00169887
8960;0.0016947
8970;0.00169525
8980;0.0016923
8990;0.00169046
9000;0.00169139
9010;0.00169078
9020;0.00168753
9030;0.00168558
9040;0.00168558
9050;0.00168485
9060;0.00168159
9070;0.00168155
9080;0.00168075
9090;0.00168038
9100;0.00167762
9110;0.00167509
9120;0.00167345
9130;0.00167211
9140;0.00167087
9150;0.001671
9160;0.00166812
9170;0.00166994
9180;0.0016659
9190;0.00166718
9200;0.00166577
9210;0.00166154
9220;0.00166119
9230;0.00166164
9240;0.00166033
9250;0.00165731
9260;0.0016567
9270;0.00165385
9280;0.00165289
9290;0.0016517
9300;0.00165041
9310;0.00164976
9320;0.00164773
9330;0.00164636
9340;0.00164515
9350;0.00164388
9360;0.00164446
9370;0.00164408
9380;0.00164109
9390;0.00164013
9400;0.00163757
9410;0.00163801
9420;0.00163701
9430;0.00163473
9440;0.0016329
9450;0.0016312
9460;0.00163053
9470;0.00163076
9480;0.00162918
9490;0.00162659
9500;0.00162616
9510;0.00162461
9520;0.00162395
9530;0.0016229
9540;0.00162176
9550;0.00162069
9560;0.00161773
9570;0.00161656
9580;0.00161813
9590;0.00161565
9600;0.00161282
9610;0.00161319
9620;0.00161083
9630;0.00161072
9640;0.00160949
9650;0.00160868
9660;0.00160598
9670;0.00160517
9680;0.00160517
9690;0.00160387
9700;0.0016019
9710;0.00160194
9720;0.00160081
9730;0.00159801
9740;0.00159649
9750;0.00159481
9760;0.00159555
9770;0.00159435
9780;0.00159289
9790;0.00159065
9800;0.00158986
9810;0.00158964
9820;0.00158898
9830;0.00158628
9840;0.00158608
9850;0.0015836
9860;0.00158282
9870;0.00158221
9880;0.00157983
9890;0.00157955
9900;0.00157817
9910;0.00157622
9920;0.00157518
9930;0.00157413
9940;0.00157388
9950;0.00157217
9960;0.001571
9970;0.0015712
9980;0.0015682
9990;0.00156938
10000;0.00156705
10010;0.00156659
10020;0.00156456
10030;0.00156282
10040;0.00156192
10050;0.00156158
10060;0.00156043
10070;0.00156084
10080;0.00155776
10090;0.00155659
10100;0.00155618
10110;0.00155409
10120;0.0015525
10130;0.00155282
10140;0.00155297
10150;0.00155144
10160;0.00155041
10170;0.00154747
10180;0.00154695
10190;0.00154649
10200;0.00154408
10210;0.00154509
10220;0.0015419
10230;0.00154272
10240;0.00153974
10250;0.00154038
10260;0.00153716
10270;0.00153694
10280;0.00153526
10290;0.00153637
10300;0.00153445
10310;0.00153293
10320;0.00153072
10330;0.0015311
10340;0.00152855
10350;0.00152826
10360;0.00152859
10370;0.00152767
10380;0.00152493
10390;0.00152327
10400;0.00152276
10410;0.00152344
10420;0.00152028
10430;0.00152025
10440;0.00151785
10450;0.00151718
10460;0.00151621
10470;0.00151568
10480;0.00151576
10490;0.00151422
10500;0.00151169
10510;0.00151283
10520;0.00151171
10530;0.00150827
10540;0.00150969
10550;0.00150648
10560;0.00150679
10570;0.00150574
10580;0.00150551
10590;0.00150213
10600;0.00150154
10610;0.00150009
10620;0.00149989
10630;0.00149922
10640;0.00149856
10650;0.00149682
10660;0.00149613
10670;0.0014955
10680;0.0014933
10690;0.00149282
10700;0.0014923
10710;0.00149072
10720;0.00148983
10730;0.00148931
10740;0.00148841
10750;0.00148712
10760;0.00148618
10770;0.00148537
10780;0.00148308
10790;0.00148395
10800;0.00148067
10810;0.00148045
10820;0.00148065
10830;0.00147795
10840;0.00147681
10850;0.00147631
10860;0.00147505
10870;0.00147602
10880;0.0014743
10890;0.00147315
10900;0.00147154
10910;0.00147149
10920;0.00146864
10930;0.00146934
10940;0.00146776
10950;0.00146591
10960;0.00146671
10970;0.00146618
10980;0.001464
10990;0.00146405
11000;0.0014618
11010;0.00146131
11020;0.00145951
11030;0.00145873
11040;0.00145736
11050;0.00145683
11060;0.00145612
11070;0.00145532
11080;0.00145447
11090;0.0014544
11100;0.00145338
11110;0.00145131
11120;0.00144923
11130;0.00145042
11140;0.00144744
11150;0.00144677
11160;0.00144589
11170;0.00144677
11180;0.00144459
11190;0.00144398
11200;0.00144189
11210;0.00144208
11220;0.00144042
11230;0.00144024
11240;0.00143867
11250;0.00143694
11260;0.00143779
11270;0.00143604
11280;0.00143455
11290;0.00143379
11300;0.0014323
11310;0.00143238
11320;0.00143076
11330;0.00143002
11340;0.00143002
11350;0.00142793
11360;0.00142755
11370;0.0014279
11380;0.00142564
11390;0.00142416
11400;0.00142411
11410;0.00142254
11420;0.00142126
11430;0.00142205
11440;0.00141926
11450;0.00141857
11460;0.00141755
11470;0.00141721
11480;0.00141656
11490;0.00141608
11500;0.00141552
11510;0.00141399
11520;0.00141237
11530;0.00141252
11540;0.0014101
11550;0.00141056
11560;0.00141012
11570;0.00140883
11580;0.00140809
11590;0.00140591
11600;0.00140471
11610;0.00140493
11620;0.00140396
11630;0.00140414
11640;0.00140184
11650;0.00140059
11660;0.00140009
11670;0.00139847
11680;0.0013986
11690;0.00139883
11700;0.00139729
11710;0.00139625
11720;0.00139402
11730;0.00139343
11740;0.00139428
11750;0.0013925
11760;0.0013912
11770;0.00139111
11780;0.00138893
11790;0.00138808
11800;0.00138805
11810;0.00138644
11820;0.00138629
11830;0.00138555
11840;0.00138554
11850;0.00138304
11860;0.00138176
11870;0.00138117
11880;0.00138001
11890;0.0013794
11900;0.00137918
11910;0.00137938
11920;0.00137791
11930;0.00137589
11940;0.00137487
11950;0.00137619
11960;0.00137342
11970;0.00137396
11980;0.00137262
11990;0.00137103
12000;0.00137165
12010;0.00136964
12020;0.00136829
12030;0.00136726
12040;0.00136837
12050;0.00136587
12060;0.00136623
12070;0.00136461
12080;0.00136338
12090;0.0013634
12100;0.00136226
12110;0.00136073
12120;0.00136039
12130;0.00135978
12140;0.00135805
12150;0.00135724
12160;0.00135842
12170;0.00135615
12180;0.00135472
12190;0.00135571
12200;0.00135469
12210;0.00135339
12220;0.00135175
12230;0.00135175
12240;0.00135166
12250;0.00135013
12260;0.00134823
12270;0.00134814
12280;0.00134661
12290;0.00134645
12300;0.00134574
12310;0.00134581
12320;0.00134413
12330;0.00134301
12340;0.00134259
12350;0.00134199
12360;0.0013419
12370;0.00133921
12380;0.00133896
12390;0.00133909
12400;0.00133766
12410;0.00133697
12420;0.0013354
12430;0.00133601
12440;0.00133419
12450;0.00133282
12460;0.00133253
12470;0.00133279
12480;0.00133137
12490;0.00132966
12500;0.00132964
12510;0.00132829
12520;0.00132736
12530;0.00132677
12540;0.00132622
12550;0.00132576
12560;0.00132484
12570;0.00132413
12580;0.0013231
12590;0.00132279
12600;0.00132184
12610;0.00132031
12620;0.00131973
12630;0.00131891
12640;0.00131897
12650;0.00131773
12660;0.00131697
12670;0.00131733
12680;0.00131581
12690;0.001315
12700;0.00131459
12710;0.001314
12720;0.00131317
12730;0.00131101
12740;0.00131046
12750;0.00131039
12760;0.00130968
12770;0.00130814
12780;0.00130817
12790;0.0013068
12800;0.00130724
12810;0.00130526
12820;0.00130486
12830;0.00130424
12840;0.00130376
12850;0.00130295
12860;0.00130301
12870;0.00130105
12880;0.00130058
12890;0.00129878
12900;0.00129932
12910;0.00129738
12920;0.00129682
12930;0.00129707
12940;0.0012963
12950;0.00129587
12960;0.00129545
12970;0.00129412
12980;0.00129302
12990;0.00129199
13000;0.0012921
13010;0.00129067
13020;0.00129111
13030;0.00128935
13040;0.00128966
13050;0.0012872
13060;0.00128788
13070;0.00128676
13080;0.00128663
13090;0.00128434
13100;0.00128475
13110;0.00128268
13120;0.00128373
13130;0.00128225
13140;0.00128101
13150;0.00128031
13160;0.00128015
13170;0.00127866
13180;0.00127805
13190;0.00127864
13200;0.0012771
13210;0.00127744
13220;0.00127556
13230;0.00127507
13240;0.00127461
13250;0.00127414
13260;0.00127312
13270;0.00127148
13280;0.0012717
13290;0.00126997
13300;0.00127094
13310;0.00126872
13320;0.00126837
13330;0.00126746
13340;0.00126812
13350;0.00126603
13360;0.00126613
13370;0.00126578
13380;0.00126559
13390;0.00126354
13400;0.00126285
13410;0.00126192
13420;0.00126133
13430;0.00126037
13440;0.001261
13450;0.00125939
13460;0.00125878
13470;0.00125783
13480;0.00125722
13490;0.00125679
13500;0.00125613
13510;0.00125596
13520;0.00125474
13530;0.00125401
13540;0.001253
13550;0.00125323
13560;0.00125195
13570;0.0012515
13580;0.00125059
13590;0.00125026
13600;0.00124959
13610;0.00124862
13620;0.00124825
13630;0.00124736
13640;0.0012471
13650;0.00124707
13660;0.00124644
13670;0.00124438
13680;0.00124527
13690;0.00124466
13700;0.00124308
13710;0.00124301
13720;0.00124241
13730;0.00124141
13740;0.00124032
13750;0.00123993
13760;0.00123837
13770;0.00123944
13780;0.00123735
13790;0.00123702
13800;0.00123596
13810;0.00123681
13820;0.00123483
13830;0.0012347
13840;0.00123374
13850;0.0012333
13860;0.00123241
13870;0.00123211
13880;0.00123153
13890;0.00123175
13900;0.00122992
13910;0.00123052
13920;0.00122961
13930;0.00122844
13940;0.0012274
13950;0.00122786
13960;0.00122639
13970;0.00122601
13980;0.00122539
13990;0.0012246
14000;0.00122397
14010;0.00122316
14020;0.00122226
14030;0.00122157
14040;0.00122086
14050;0.00122098
14060;0.00122
14070;0.00121926
14080;0.00121859
14090;0.00121791
14100;0.00121715
14110;0.00121807
14120;0.00121659
14130;0.00121681
14140;0.00121584
14150;0.00121477
14160;0.00121415
14170;0.00121353
14180;0.00121287
14190;0.00121259
14200;0.00121134
14210;0.00121167
14220;0.00121005
14230;0.00120973
14240;0.00120901
14250;0.00120815
14260;0.00120814
14270;0.00120739
14280;0.00120784
14290;0.00120593
14300;0.00120541
14310;0.00120543
14320;0.00120513
14330;0.00120421
14340;0.00120358
14350;0.0012024
14360;0.00120191
14370;0.00120203
14380;0.00120096
14390;0.00120081
14400;0.00120003
14410;0.00119899
14420;0.00119862
14430;0.00119847
14440;0.00119791
14450;0.00119712
14460;0.00119669
14470;0.00119598
14480;0.00119508
14490;0.00119446
14500;0.00119469
14510;0.00119353
14520;0.00119276
14530;0.00119256
14540;0.00119219
14550;0.00119105
14560;0.00119093
14570;0.00119032
14580;0.00119055
14590;0.00118854
14600;0.0011885
14610;0.00118768
14620;0.00118701
14630;0.00118687
14640;0.00118648
14650;0.00118544
14660;0.00118495
14670;0.00118495
14680;0.00118368
14690;0.00118417
14700;0.00118361
14710;0.00118284
14720;0.00118227
14730;0.00118109
14740;0.001181
14750;0.00118008
14760;0.00118066
14770;0.00117954
14780;0.00117837
14790;0.00117847
14800;0.00117782
14810;0.00117676
14820;0.00117674
14830;0.00117635
14840;0.00117597
14850;0.00117497
14860;0.00117544
14870;0.00117351
14880;0.00117335
14890;0.00117231
14900;0.00117265
14910;0.00117194
14920;0.0011719
14930;0.00117168
14940;0.00117056
14950;0.00117005
14960;0.00116926
14970;0.00116966
14980;0.00116833
14990;0.00116836
15000;0.00116727
15010;0.00116673
15020;0.00116667
15030;0.00116538
15040;0.00116581
15050;0.00116528
15060;0.00116487
15070;0.00116324
15080;0.00116332
15090;0.00116305
15100;0.00116165
15110;0.0011622
15120;0.00116105
15130;0.00116046
15140;0.0011605
15150;0.00116006
15160;0.00115908
15170;0.00115879
15180;0.00115865
15190;0.00115695
15200;0.0011573
15210;0.00115727
15220;0.00115608
15230;0.0011561
15240;0.00115472
15250;0.00115425
15260;0.00115386
15270;0.00115369
15280;0.001153
15290;0.00115225
15300;0.00115242
15310;0.00115134
15320;0.00115083
15330;0.00115078
15340;0.00114988
15350;0.00114955
15360;0.00115015
15370;0.00114925
15380;0.00114775
15390;0.00114789
15400;0.00114811
15410;0.00114725
15420;0.00114721
15430;0.00114556
15440;0.00114516
15450;0.0011444
15460;0.0011442
15470;0.00114372
15480;0.00114396
15490;0.00114255
15500;0.00114254
15510;0.0011424
15520;0.00114143
15530;0.00114168
15540;0.00114039
15550;0.0011405
15560;0.00114056
15570;0.00114007
15580;0.00113972
15590;0.00113902
15600;0.00113838
15610;0.00113761
15620;0.00113692
15630;0.00113687
15640;0.0011369
15650;0.00113593
15660;0.00113613
15670;0.00113555
15680;0.00113403
15690;0.00113411
15700;0.0011341
15710;0.00113269
15720;0.00113221
15730;0.00113174
15740;0.00113186
15750;0.00113091
15760;0.00113048
15770;0.00113047
15780;0.00112946
15790;0.00112949
15800;0.00112886
15810;0.00112893
15820;0.00112814
15830;0.00112787
15840;0.00112688
15850;0.00112637
15860;0.00112594
15870;0.00112641
15880;0.00112529
15890;0.00112464
15900;0.0011249
15910;0.00112444
15920;0.00112387
15930;0.00112356
15940;0.00112282
15950;0.00112234
15960;0.00112228
15970;0.00112248
15980;0.00112112
15990;0.00112059
16000;0.00112083
16010;0.00111956
16020;0.00111953
16030;0.00111971
16040;0.00111908
16050;0.00111841
16060;0.00111779
16070;0.00111721
16080;0.00111778
16090;0.00111679
16100;0.00111578
16110;0.00111539
16120;0.00111518
16130;0.00111509
16140;0.00111426
16150;0.00111427
16160;0.00111331
16170;0.00111358
16180;0.00111249
16190;0.00111209
16200;0.00111187
16210;0.00111166
16220;0.00111065
16230;0.00111156
16240;0.00111104
16250;0.00110959
16260;0.0011092
16270;0.00110957
16280;0.00110918
16290;0.00110798
16300;0.00110811
16310;0.00110734
16320;0.0011068
16330;0.00110676
16340;0.00110642
16350;0.00110563
16360;0.00110522
16370;0.00110504
16380;0.00110457
16390;0.00110493
16400;0.00110446
16410;0.00110306
16420;0.00110324
16430;0.00110265
16440;0.00110223
16450;0.00110183
16460;0.00110231
16470;0.00110143
16480;0.00110139
16490;0.00110052
16500;0.0010997
16510;0.00109942
16520;0.001099
16530;0.00109887
16540;0.00109844
16550;0.00109881
16560;0.001098
16570;0.00109726
16580;0.00109758
16590;0.00109706
16600;0.00109598
16610;0.00109593
16620;0.00109573
16630;0.00109503
16640;0.00109537
16650;0.00109404
16660;0.00109372
16670;0.00109429
16680;0.00109293
16690;0.00109269
16700;0.00109259
16710;0.00109181
16720;0.00109178
16730;0.00109158
16740;0.00109103
16750;0.00109035
16760;0.00109052
16770;0.00109047
16780;0.0010903
16790;0.00108937
16800;0.00108882
16810;0.00108848
16820;0.00108755
16830;0.00108794
16840;0.00108703
16850;0.00108668
16860;0.00108633
16870;0.00108592
16880;0.00108624
16890;0.00108557
16900;0.00108563
16910;0.00108453
16920;0.0010845
16930;0.00108483
16940;0.00108419
16950;0.00108365
16960;0.00108328
16970;0.00108292
16980;0.00108301
16990;0.00108172
17000;0.00108165
17010;0.00108095
17020;0.00108114
17030;0.00108061
17040;0.00108064
17050;0.00107957
17060;0.00107993
17070;0.00107885
17080;0.00107854
17090;0.00107928
17100;0.00107781
17110;0.00107764
17120;0.0010772
17130;0.00107717
17140;0.00107737
17150;0.00107699
17160;0.00107578
17170;0.00107596
17180;0.00107527
17190;0.00107581
17200;0.00107446
17210;0.00107406
17220;0.00107357
17230;0.00107432
17240;0.00107288
17250;0.00107306
17260;0.00107323
17270;0.00107239
17280;0.0010719
17290;0.00107237
17300;0.00107108
17310;0.00107129
17320;0.00107116
17330;0.00107038
17340;0.00106987
17350;0.00106994
17360;0.0010692
17370;0.00106905
17380;0.00106934
17390;0.0010683
17400;0.00106833
17410;0.00106774
17420;0.00106696
17430;0.00106683
17440;0.0010665
17450;0.0010665
17460;0.00106589
17470;0.00106585
17480;0.00106529
17490;0.00106566
17500;0.00106458
17510;0.00106424
17520;0.00106462
17530;0.00106369
17540;0.00106326
17550;0.00106326
17560;0.00106259
17570;0.00106288
17580;0.00106221
17590;0.00106194
17600;0.00106184
17610;0.00106203
17620;0.00106123
17630;0.0010607
17640;0.00106062
17650;0.00106008
17660;0.00105928
17670;0.0010597
17680;0.00105956
17690;0.00105888
17700;0.00105804
17710;0.00105841
17720;0.00105759
17730;0.00105741
17740;0.001058
17750;0.00105753
17760;0.00105725
17770;0.00105643
17780;0.00105601
17790;0.00105548
17800;0.0010552
17810;0.00105534
17820;0.00105507
17830;0.00105428
17840;0.00105472
17850;0.00105365
17860;0.00105366
17870;0.00105319
17880;0.00105296
17890;0.00105295
17900;0.00105248
17910;0.00105184
17920;0.00105154
17930;0.00105117
17940;0.00105148
17950;0.00105068
17960;0.00105016
17970;0.00105019
17980;0.00104995
17990;0.00105046
18000;0.00105005
18010;0.00104918
18020;0.00104945
18030;0.00104828
18040;0.00104852
18050;0.00104823
18060;0.00104776
18070;0.00104809
18080;0.00104695
18090;0.00104666
18100;0.00104693
18110;0.00104641
18120;0.00104653
18130;0.00104544
18140;0.00104533
18150;0.00104506
18160;0.00104505
18170;0.00104431
18180;0.00104424
18190;0.00104439
18200;0.00104368
18210;0.00104316
18220;0.00104366
18230;0.00104276
18240;0.00104256
18250;0.00104215
18260;0.00104191
18270;0.00104148
18280;0.00104109
18290;0.00104106
18300;0.00104148
18310;0.00104096
18320;0.00104002
18330;0.00104028
18340;0.00103969
18350;0.0010391
18360;0.00103941
18370;0.00103873
18380;0.00103833
18390;0.00103837
18400;0.00103788
18410;0.0010378
18420;0.00103728
18430;0.00103749
18440;0.00103738
18450;0.00103652
18460;0.00103624
18470;0.00103612
18480;0.00103561
18490;0.00103612
18500;0.0010351
18510;0.00103558
18520;0.00103531
18530;0.00103418
18540;0.00103455
18550;0.00103431
18560;0.00103346
18570;0.00103402
18580;0.00103368
18590;0.00103291
18600;0.00103256
18610;0.00103218
18620;0.00103187
18630;0.00103222
18640;0.00103218
18650;0.00103103
18660;0.00103079
18670;0.00103129
18680;0.00103026
18690;0.00102998
18700;0.00103055
18710;0.00103038
18720;0.00102948
18730;0.0010294
18740;0.00102931
18750;0.00102931
18760;0.00102832
18770;0.00102812
18780;0.00102814
18790;0.00102748
18800;0.00102794
18810;0.00102675
18820;0.00102691
18830;0.00102643
18840;0.00102636
18850;0.00102569
18860;0.00102547
18870;0.00102559
18880;0.001026
18890;0.00102564
18900;0.00102503
18910;0.0010244
18920;0.00102474
18930;0.0010238
18940;0.00102361
18950;0.00102357
18960;0.00102372
18970;0.00102283
18980;0.001023
18990;0.00102227
19000;0.00102203
19010;0.00102234
19020;0.00102155
19030;0.00102212
19040;0.00102116
19050;0.00102098
19060;0.00102055
19070;0.00102083
19080;0.00101991
19090;0.00102028
19100;0.00102022
19110;0.0010193
19120;0.00101998
19130;0.0010196
19140;0.00101863
19150;0.00101862
19160;0.00101871
19170;0.00101794
19180;0.00101744
19190;0.00101787
19200;0.00101777
19210;0.00101752
19220;0.00101713
19230;0.00101681
19240;0.00101642
19250;0.00101656
19260;0.00101566
19270;0.0010162
19280;0.00101521
19290;0.0010158
19300;0.00101521
19310;0.00101499
19320;0.00101466
19330;0.00101452
19340;0.00101372
19350;0.00101401
19360;0.00101334
19370;0.00101305
19380;0.00101345
19390;0.00101298
19400;0.00101262
19410;0.00101283
19420;0.00101196
19430;0.00101156
19440;0.00101165
19450;0.00101165
19460;0.00101087
19470;0.00101133
19480;0.00101029
19490;0.00101031
19500;0.00101043
19510;0.00100991
19520;0.00100995
19530;0.00100926
19540;0.00100932
19550;0.00100936
19560;0.00100864
19570;0.00100835
19580;0.0010081
19590;0.00100776
19600;0.00100819
19610;0.00100745
19620;0.00100795
19630;0.00100715
19640;0.00100727
19650;0.00100675
19660;0.00100687
19670;0.00100656
19680;0.00100594
19690;0.00100648
19700;0.00100591
19710;0.00100523
19720;0.00100515
19730;0.00100499
19740;0.00100534
19750;0.00100432
19760;0.00100449
19770;0.0010043
19780;0.00100358
19790;0.00100357
19800;0.00100323
19810;0.00100311
19820;0.00100291
19830;0.00100256
19840;0.00100233
19850;0.00100219
19860;0.00100264
19870;0.00100176
19880;0.00100189
19890;0.001002
19900;0.00100156
19910;0.00100116
19920;0.00100058
19930;0.00100056
19940;0.0010001
19950;0.000999882
19960;0.000999711
19970;0.000999611
19980;0.000999467
19990;0.000999477
20000;0.000998849
20010;0.000998732
20020;0.000998324
20030;0.00099799
20040;0.000998187
20050;0.000997947
20060;0.000998086
20070;0.000997304
20080;0.000997861
20090;0.000997325
20100;0.000997124
20110;0.00099683
20120;0.000996692
20130;0.00099602
20140;0.000995816
20150;0.000995536
20160;0.000995543
20170;0.000995852
20180;0.000995612
20190;0.000995521
20200;0.000994456
20210;0.000994228
20220;0.000994128
20230;0.000993909
20240;0.000994073
20250;0.000994045
20260;0.00099393
20270;0.000992981
20280;0.000993253
20290;0.000993123
20300;0.000992493
20310;0.000992369
20320;0.000992681
20330;0.000991744
20340;0.000991794
20350;0.000991398
20360;0.000991185
20370;0.000990999
20380;0.000990909
20390;0.000990513
20400;0.000990526
20410;0.000990629
20420;0.000990627
20430;0.000989964
20440;0.000989475
20450;0.000989912
20460;0.000989786
20470;0.000988767
20480;0.000988971
20490;0.000989102
20500;0.000988684
20510;0.00098806
20520;0.000988486
20530;0.000987734
20540;0.000987635
20550;0.000987329
20560;0.000987052
20570;0.000986839
20580;0.000986725
20590;0.000986525
20600;0.000986662
20610;0.000986118
20620;0.000986463
20630;0.000985543
20640;0.000985657
20650;0.000985157
20660;0.00098507
20670;0.000985306
20680;0.000984633
20690;0.00098473
20700;0.000984355
20710;0.000984665
20720;0.000983952
20730;0.000983552
20740;0.000983747
20750;0.000983164
20760;0.000983678
20770;0.000983578
20780;0.000983194
20790;0.000982371
20800;0.000982472
20810;0.000982275
20820;0.000981896
20830;0.00098239
20840;0.000981655
20850;0.000981992
20860;0.000981292
20870;0.000980899
20880;0.000981346
20890;0.000980507
20900;0.000980419
20910;0.000980149
20920;0.000980678
20930;0.000979756
20940;0.000979843
20950;0.000979263
20960;0.00097968
20970;0.000979162
20980;0.000979387
20990;0.000978673
21000;0.000979196
21010;0.000978369
21020;0.000978431
21030;0.000977891
21040;0.00097825
21050;0.00097744
21060;0.000977677
21070;0.000977352
21080;0.00097741
21090;0.000977224
21100;0.000977114
21110;0.000976325
21120;0.000976761
21130;0.000976533
21140;0.000975826
21150;0.000975545
21160;0.000975798
21170;0.000975165
21180;0.000974978
21190;0.000975325
21200;0.000974808
21210;0.000975043
21220;0.000974431
21230;0.000974151
21240;0.000974655
21250;0.000973777
21260;0.000973674
21270;0.00097401
21280;0.00097322
21290;0.000972933
21300;0.000972834
21310;0.000972761
21320;0.000972581
21330;0.000973009
21340;0.000971947
21350;0.00097194
21360;0.000972266
21370;0.000971881
21380;0.000971446
21390;0.00097171
21400;0.000971605
21410;0.000970831
21420;0.000970638
21430;0.00097063
21440;0.000970604
21450;0.000970788
21460;0.000970103
21470;0.000970425
21480;0.000969468
21490;0.000969912
21500;0.000969019
21510;0.000969456
21520;0.000968845
21530;0.000969084
21540;0.000968382
21550;0.000968624
21560;0.000968113
21570;0.000967854
21580;0.000968293
21590;0.000967588
21600;0.000967396
21610;0.000967224
21620;0.000967186
21630;0.000967433
21640;0.00096674
21650;0.000966398
21660;0.000966836
21670;0.000966822
21680;0.000966127
21690;0.000965785
21700;0.000965693
21710;0.000965531
21720;0.00096526
21730;0.000965503
21740;0.000965325
21750;0.000964909
21760;0.000964992
21770;0.000964312
21780;0.000964386
21790;0.000963945
21800;0.000963856
21810;0.00096376
21820;0.000963567
21830;0.00096342
21840;0.000963562
21850;0.000963382
21860;0.00096282
21870;0.00096255
21880;0.000962571
21890;0.000962292
21900;0.000962032
21910;0.000961928
21920;0.00096227
21930;0.000962173
21940;0.000961899
21950;0.000961223
21960;0.000961051
21970;0.000961084
21980;0.000960802
21990;0.000961217
22000;0.000960811
22010;0.000960137
22020;0.000960465
22030;0.000959789
22040;0.000960291
22050;0.000959949
22060;0.000959667
22070;0.000959173
22080;0.000959499
22090;0.000959246
22100;0.000959247
22110;0.000958996
22120;0.000958174
22130;0.000958585
22140;0.000958094
22150;0.000957673
22160;0.000957682
22170;0.000957331
22180;0.000957236
22190;0.000957757
22200;0.000956823
22210;0.000956923
22220;0.000956658
22230;0.000956561
22240;0.000956296
22250;0.000956314
22260;0.000956002
22270;0.00095583
22280;0.000955828
22290;0.000955653
22300;0.000955334
22310;0.000955068
22320;0.000955473
22330;0.000955294
22340;0.000954728
22350;0.000954797
22360;0.000954231
22370;0.00095406
22380;0.000954075
22390;0.000954401
22400;0.00095359
22410;0.000953815
22420;0.0009535
22430;0.000953335
22440;0.000953062
22450;0.000952762
22460;0.000952694
22470;0.000952369
22480;0.000952291
22490;0.000952302
22500;0.000952439
22510;0.000952031
22520;0.000951699
22530;0.00095162
22540;0.000951375
22550;0.000951791
22560;0.000950959
22570;0.000950902
22580;0.000951042
22590;0.000950981
22600;0.000950416
22610;0.000950416
22620;0.000950138
22630;0.000950013
22640;0.000949728
22650;0.00094961
22660;0.000949501
22670;0.000949107
22680;0.00094902
22690;0.000949022
22700;0.000948947
22710;0.000948614
22720;0.000948467
22730;0.000948167
22740;0.000948174
22750;0.00094806
22760;0.00094823
22770;0.000947574
22780;0.000948048
22790;0.000947245
22800;0.000947624
22810;0.000947042
22820;0.000947196
22830;0.000946746
22840;0.000946745
22850;0.000946327
22860;0.000946341
22870;0.000946187
22880;0.000946492
22890;0.000945873
22900;0.000945766
22910;0.000946004
22920;0.000945456
22930;0.000945077
22940;0.000944897
22950;0.000944762
22960;0.000944521
22970;0.00094459
22980;0.000944823
22990;0.000944767
23000;0.000944048
23010;0.00094382
23020;0.000944177
23030;0.000944086
23040;0.000943452
23050;0.00094312
23060;0.000943686
23070;0.000943063
23080;0.000943104
23090;0.000943144
23100;0.000942894
23110;0.000942419
23120;0.000942093
23130;0.000942024
23140;0.000941874
23150;0.00094229
23160;0.000942193
23170;0.000942046
23180;0.000941328
23190;0.000941027
23200;0.000941365
23210;0.000941307
23220;0.00094121
23230;0.000940572
23240;0.000940825
23250;0.000940167
23260;0.000940111
23270;0.000940288
23280;0.000939655
23290;0.000939495
23300;0.000939851
23310;0.000939255
23320;0.000939497
23330;0.00093891
23340;0.000939321
23350;0.000939036
23360;0.000938668
23370;0.000938978
23380;0.000938527
23390;0.000938168
23400;0.000938326
23410;0.00093815
23420;0.000937548
23430;0.000938024
23440;0.000937162
23450;0.000937485
23460;0.000937337
23470;0.000936863
23480;0.00093663
23490;0.000936534
23500;0.000936334
23510;0.000936572
23520;0.000936735
23530;0.000936075
23540;0.00093613
23550;0.000936109
23560;0.000935518
23570;0.000935291
23580;0.000935384
23590;0.000935108
23600;0.000934839
23610;0.000935402
23620;0.000935048
23630;0.000934593
23640;0.000934265
23650;0.000934118
23660;0.000933978
23670;0.000933828
23680;0.000933627
23690;0.000933606
23700;0.000933405
23710;0.000933803
23720;0.000933572
23730;0.00093295
23740;0.000932869
23750;0.000933333
23760;0.000932435
23770;0.000932373
23780;0.00093289
23790;0.000932674
23800;0.000932024
23810;0.000931789
23820;0.000931636
23830;0.000931964
23840;0.000931401
23850;0.000931816
23860;0.000931495
23870;0.000931047
23880;0.000930904
23890;0.000931069
23900;0.00093065
23910;0.000930404
23920;0.000930368
23930;0.000930114
23940;0.00093051
23950;0.000930127
23960;0.000930222
23970;0.000929598
23980;0.000929871
23990;0.000929653
24000;0.000928967
24010;0.000929318
24020;0.000929123
24030;0.000928605
24040;0.000928396
24050;0.00092888
24060;0.000928302
24070;0.000928102
24080;0.000928562
24090;0.000927748
24100;0.000927775
24110;0.000928067
24120;0.000927547
24130;0.000927186
24140;0.000927138
24150;0.000927
24160;0.000926748
24170;0.00092655
24180;0.000926707
24190;0.000926999
24200;0.000926649
24210;0.000926108
24220;0.000926075
24230;0.000925871
24240;0.000925999
24250;0.000925708
24260;0.000926004
24270;0.000925307
24280;0.000925673
24290;0.000924915
24300;0.000925151
24310;0.000925255
24320;0.000924512
24330;0.000924746
24340;0.000924823
24350;0.000924458
24360;0.000924608
24370;0.000924346
24380;0.000923832
24390;0.000923628
24400;0.000923982
24410;0.000923237
24420;0.000923578
24430;0.000923024
24440;0.000922932
24450;0.000923227
24460;0.000922722
24470;0.000922344
24480;0.000922814
24490;0.000922305
24500;0.000921949
24510;0.000922408
24520;0.000921773
24530;0.000921581
24540;0.000921678
24550;0.000921423
24560;0.000921345
24570;0.000921139
24580;0.00092143
24590;0.000921162
24600;0.000920604
24610;0.000920471
24620;0.000920886
24630;0.000920812
24640;0.000920174
24650;0.000919987
24660;0.000919972
24670;0.000919766
24680;0.000919738
24690;0.000919326
24700;0.00091979
24710;0.000919643
24720;0.00091903
24730;0.00091949
24740;0.000918812
24750;0.000918633
24760;0.000918554
24770;0.000918472
24780;0.000918218
24790;0.000918502
24800;0.000918065
24810;0.000917766
24820;0.000917809
24830;0.00091797
24840;0.000918012
24850;0.000917448
24860;0.000917098
24870;0.000916959
24880;0.00091719
24890;0.000916697
24900;0.000916928
24910;0.000916533
24920;0.000916655
24930;0.000916511
24940;0.000916236
24950;0.000915947
24960;0.000915745
24970;0.000915723
24980;0.000916066
24990;0.000915568
25000;0.000915328
25010;0.00091525
25020;0.000915114
25030;0.000915023
25040;0.000914774
25050;0.000914655
25060;0.000914391
25070;0.000914865
25080;0.000914139
25090;0.000914487
25100;0.000913872
25110;0.00091374
25120;0.000913736
25130;0.000913544
25140;0.000913418
25150;0.000913232
25160;0.00091346
25170;0.000913008
25180;0.000913468
25190;0.000912751
25200;0.000912686
25210;0.000912608
25220;0.000912304
25230;0.000912689
25240;0.000912506
25250;0.000912081
25260;0.00091178
25270;0.000911706
25280;0.000911574
25290;0.000911565
25300;0.000911271
25310;0.000911494
25320;0.000911575
25330;0.000911436
25340;0.000910837
25350;0.000910655
25360;0.000910924
25370;0.000910908
25380;0.000910428
25390;0.000910184
25400;0.00091006
25410;0.000909928
25420;0.000909798
25430;0.000909908
25440;0.000909889
25450;0.000909869
25460;0.000909789
25470;0.000909088
25480;0.000908906
25490;0.000908895
25500;0.000908816
25510;0.000908747
25520;0.000908963
25530;0.000908719
25540;0.000908705
25550;0.000908112
25560;0.00090798
25570;0.000907957
25580;0.000907778
25590;0.000907532
25600;0.000907578
25610;0.000907588
25620;0.000907159
25630;0.000907031
25640;0.000907309
25650;0.00090729
25660;0.000906935
25670;0.000906916
25680;0.000906434
25690;0.000906311
25700;0.000906242
25710;0.000906064
25720;0.000905936
25730;0.00090581
25740;0.000906034
25750;0.000905604
25760;0.000905766
25770;0.000905399
25780;0.000905409
25790;0.000904991
25800;0.000905166
25810;0.000904846
25820;0.000904602
25830;0.000904602
25840;0.000904424
25850;0.000904346
25860;0.000904401
25870;0.000904037
25880;0.000904255
25890;0.000904141
25900;0.000903719
25910;0.000903883
25920;0.000903858
25930;0.000903219
25940;0.000903613
25950;0.00090292
25960;0.000903402
25970;0.000903132
25980;0.000902719
25990;0.00090298
26000;0.000902758
26010;0.000902286
26020;0.000902606
26030;0.000901955
26040;0.000902307
26050;0.00090218
26060;0.000901756
26070;0.000901766
26080;0.000901752
26090;0.000901279
26100;0.00090161
26110;0.000901137
26120;0.00090092
26130;0.000900632
26140;0.000900673
26150;0.000900436
26160;0.000900767
26170;0.000900236
26180;0.000900128
26190;0.000900457
26200;0.000899933
26210;0.000900291
26220;0.000899911
26230;0.000899398
26240;0.00089987
26250;0.000899653
26260;0.000899277
26270;0.000899158
26280;0.00089887
26290;0.000898872
26300;0.000899186
26310;0.000898972
26320;0.000898795
26330;0.000898334
26340;0.000898145
26350;0.000898082
26360;0.000898441
26370;0.000897717
26380;0.000898192
26390;0.000897562
26400;0.000897449
26410;0.000897741
26420;0.000897665
26430;0.000896993
26440;0.000897303
26450;0.000897197
26460;0.000896664
26470;0.000896662
26480;0.000896538
26490;0.00089646
26500;0.000896633
26510;0.0008966
26520;0.000896383
26530;0.000895861
26540;0.000895805
26550;0.000896118
26560;0.000895403
26570;0.000895371
26580;0.000895657
26590;0.000895546
26600;0.000894931
26610;0.00089492
26620;0.000895022
26630;0.000894524
26640;0.000894901
26650;0.000894782
26660;0.000894261
26670;0.000894038
26680;0.000894185
26690;0.000894194
26700;0.000894321
26710;0.000893813
26720;0.000893825
26730;0.000893572
26740;0.000893344
26750;0.000893335
26760;0.00089351
26770;0.00089301
26780;0.000892874
26790;0.000893252
26800;0.00089274
26810;0.000892419
26820;0.000892638
26830;0.00089219
26840;0.000892064
26850;0.000891948
26860;0.000891915
26870;0.000891809
26880;0.000891536
26890;0.000891658
26900;0.000891503
26910;0.000891429
26920;0.000891217
26930;0.000891084
26940;0.000890959
26950;0.000891081
26960;0.000890962
26970;0.000890623
26980;0.000890551
26990;0.000890397
27000;0.000890695
27010;0.000890252
27020;0.00088998
27030;0.000890148
27040;0.000889818
27050;0.000890026
27060;0.00088958
27070;0.000889539
27080;0.00088976
27090;0.000889099
27100;0.000889185
27110;0.000889312
27120;0.000888953
27130;0.000889081
27140;0.00088901
27150;0.000888448
27160;0.000888489
27170;0.000888372
27180;0.000888626
27190;0.000888133
27200;0.000888306
27210;0.000887745
27220;0.000887629
27230;0.000887671
27240;0.000887514
27250;0.000887804
27260;0.00088723
27270;0.000887443
27280;0.000887426
27290;0.000886767
27300;0.000886984
27310;0.000886971
27320;0.000886453
27330;0.000886874
27340;0.000886626
27350;0.00088656
27360;0.00088615
27370;0.000886196
27380;0.000886041
27390;0.000885561
27400;0.00088553
27410;0.000885742
27420;0.000885456
27430;0.0008851
27440;0.000884993
27450;0.000885408
27460;0.000885132
27470;0.000885124
27480;0.000884662
27490;0.000884546
27500;0.000884672
27510;0.000884563
27520;0.000884474
27530;0.000884436
27540;0.000884075
27550;0.000883758
27560;0.00088381
27570;0.000884057
27580;0.000883953
27590;0.000883671
27600;0.000883393
27610;0.000883403
27620;0.000883441
27630;0.000883005
27640;0.00088321
27650;0.00088261
27660;0.000882669
27670;0.000882926
27680;0.000882719
27690;0.000882331
27700;0.000882575
27710;0.000882304
27720;0.000882354
27730;0.00088183
27740;0.000881592
27750;0.000882007
27760;0.000881777
27770;0.000881701
27780;0.000881478
27790;0.00088112
27800;0.000881351
27810;0.000880922
27820;0.000881097
27830;0.000881092
27840;0.000880457
27850;0.000880508
27860;0.000880319
27870;0.000880163
27880;0.000880048
27890;0.000880421
27900;0.000880225
27910;0.000880001
27920;0.000879571
27930;0.000879491
27940;0.000879335
27950;0.000879554
27960;0.000879595
27970;0.000879515
27980;0.000878895
27990;0.000879209
28000;0.000878823
28010;0.000878555
28020;0.000878766
28030;0.000878447
28040;0.00087826
28050;0.000878582
28060;0.000878004
28070;0.000877938
28080;0.000877862
28090;0.000877751
28100;0.000877592
28110;0.000877556
28120;0.000877407
28130;0.000877736
28140;0.000877142
28150;0.000877034
28160;0.000877038
28170;0.000877324
28180;0.000876663
28190;0.000876633
28200;0.000876918
28210;0.000876653
28220;0.000876698
28230;0.000876502
28240;0.000876033
28250;0.000876205
28260;0.000876209
28270;0.000875831
28280;0.00087568
28290;0.000875568
28300;0.000875528
28310;0.000875421
28320;0.000875117
28330;0.000875006
28340;0.000875327
28350;0.000874867
28360;0.000875149
28370;0.000874758
28380;0.000874605
28390;0.000874338
28400;0.00087462
28410;0.00087408
28420;0.000874512
28430;0.000874288
28440;0.000873982
28450;0.000873992
28460;0.000873576
28470;0.000873464
28480;0.000873546
28490;0.000873745
28500;0.000873441
28510;0.000873021
28520;0.000872956
28530;0.000873317
28540;0.000872687
28550;0.000872929
28560;0.000872473
28570;0.00087252
28580;0.000872724
28590;0.00087215
28600;0.000872462
28610;0.000872083
28620;0.000871816
28630;0.000871869
28640;0.000871804
28650;0.00087204
28660;0.00087135
28670;0.000871596
28680;0.000871288
28690;0.000871181
28700;0.000871487
28710;0.000871303
28720;0.000870883
28730;0.000870935
28740;0.000870942
28750;0.00087091
28760;0.000870377
28770;0.000870315
28780;0.000870404
28790;0.000870448
28800;0.000869871
28810;0.00087019
28820;0.000869693
28830;0.00086954
28840;0.000869752
28850;0.0008698
28860;0.00086942
28870;0.000869274
28880;0.000869437
28890;0.000868911
28900;0.000868804
28910;0.000868996
28920;0.000868738
28930;0.000868505
28940;0.000868365
28950;0.000868686
28960;0.000868121
28970;0.000868513
28980;0.000867942
28990;0.000867957
29000;0.000867922
29010;0.00086763
29020;0.000868052
29030;0.000867718
29040;0.000867457
29050;0.00086723
29060;0.00086709
29070;0.000867449
29080;0.000867338
29090;0.000866924
29100;0.000866843
29110;0.000866515
29120;0.000866443
29130;0.000866678
29140;0.00086676
29150;0.000866199
29160;0.000866055
29170;0.000866032
29180;0.000865876
29190;0.000866009
29200;0.000865783
29210;0.000865453
29220;0.000865457
29230;0.000865808
29240;0.000865552
29250;0.000865072
29260;0.000864963
29270;0.000865314
29280;0.000865247
29290;0.000864804
29300;0.000864541
29310;0.000864442
29320;0.000864337
29330;0.000864387
29340;0.000864246
29350;0.000864024
29360;0.000864103
29370;0.000863994
29380;0.000863772
29390;0.000864018
29400;0.000863567
29410;0.000863394
29420;0.000863292
29430;0.000863346
29440;0.000863085
29450;0.000863133
29460;0.00086303
29470;0.000862772
29480;0.000862659
29490;0.000862557
29500;0.000862642
29510;0.000862656
29520;0.000862362
29530;0.000862141
29540;0.000862499
29550;0.000861939
29560;0.000862318
29570;0.000861845
29580;0.000861633
29590;0.000861713
29600;0.000861873
29610;0.000861307
29620;0.000861276
29630;0.000861069
29640;0.000861184
29650;0.000861318
29660;0.000860792
29670;0.000860804
29680;0.000860998
29690;0.000860663
29700;0.000860709
29710;0.000860307
29720;0.000860333
29730;0.000860081
29740;0.000859981
29750;0.000859837
29760;0.000859766
29770;0.000859773
29780;0.000859668
29790;0.000859447
29800;0.000859466
29810;0.000859362
29820;0.000859259
29830;0.000859512
29840;0.000858927
29850;0.000858979
29860;0.000858758
29870;0.000859105
29880;0.000858514
29890;0.000858478
29900;0.000858343
29910;0.00085824
29920;0.000858069
29930;0.000858478
29940;0.000858351
29950;0.000857914
29960;0.000857695
29970;0.000858043
29980;0.000857614
29990;0.000857546
