0;0.248751
10;0.100052
20;0.0504094
30;0.0219179
40;0.0101812
50;0.0081304
60;0.00449761
70;-0.00119113
80;0.000846727
90;-0.00249366
100;-0.000886224
110;-0.00165464
120;-0.00333228
130;-0.000626
140;-0.00179633
150;-0.00296144
160;-0.000844088
170;-0.00339949
180;-0.00336403
190;-0.00076175
200;-0.00284075
210;-0.00271309
220;-0.000949129
230;-0.000566202
240;-0.000888919
250;-0.000105795
260;0.00216927
270;0.00669081
280;0.00758166
290;0.0131803
300;0.0136208
310;0.0157579
320;0.0207722
330;0.0213891
340;0.0215729
350;0.0244451
360;0.0218295
370;0.0255055
380;0.0209341
390;0.0207098
400;0.021161
410;0.0219288
420;0.0213761
430;0.0217759
440;0.0233234
450;0.0255483
460;0.0273058
470;0.0272913
480;0.0303744
490;0.0307174
500;0.0340712
510;0.0319175
520;0.0325937
530;0.0346728
540;0.03548
550;0.0375489
560;0.0359849
570;0.0340634
580;0.0375223
590;0.0344378
600;0.0346752
610;0.0354356
620;0.0343943
630;0.0347825
640;0.0342203
650;0.0338007
660;0.0361392
670;0.036581
680;0.0346391
690;0.0331604
700;0.0338749
710;0.0321026
720;0.033072
730;0.0327658
740;0.0326178
750;0.0308066
760;0.0320936
770;0.0299983
780;0.0301582
790;0.0308621
800;0.0293551
810;0.0289298
820;0.0287995
830;0.0294233
840;0.028987
850;0.0270776
860;0.0284489
870;0.0265283
880;0.027169
890;0.0255787
900;0.0256563
910;0.025188
920;0.0244282
930;0.0257447
940;0.0239385
950;0.0243411
960;0.0259043
970;0.0226891
980;0.0231874
990;0.0226798
1000;0.0224192
1010;0.0222519
1020;0.0242096
1030;0.0225162
1040;0.021268
1050;0.023997
1060;0.0236049
1070;0.021583
1080;0.0206202
1090;0.0229933
1100;0.0204792
1110;0.0205053
1120;0.0204805
1130;0.0200376
1140;0.0206034
1150;0.0218019
1160;0.0221232
1170;0.0198307
1180;0.0210371
1190;0.0201375
1200;0.0227177
1210;0.0220882
1220;0.0219911
1230;0.0196774
1240;0.021897
1250;0.0218781
1260;0.0194252
1270;0.0187233
1280;0.0191954
1290;0.0183437
1300;0.0196753
1310;0.0202432
1320;0.0202175
1330;0.0194299
1340;0.0201643
1350;0.0191294
1360;0.0186443
1370;0.0179275
1380;0.0182238
1390;0.018954
1400;0.0173118
1410;0.0185063
1420;0.0171641
1430;0.0177609
1440;0.0179407
1450;0.0164931
1460;0.0164265
1470;0.0177577
1480;0.015999
1490;0.0158545
1500;0.017118
1510;0.0157128
1520;0.0155599
1530;0.0167914
1540;0.0161954
1550;0.0158511
1560;0.015419
1570;0.0149733
1580;0.0149098
1590;0.0148865
1600;0.0149846
1610;0.0147364
1620;0.0147307
1630;0.0144022
1640;0.0150043
1650;0.0143087
1660;0.0142739
1670;0.0141823
1680;0.0140951
1690;0.0139983
1700;0.0144124
1710;0.0136736
1720;0.0136825
1730;0.0136515
1740;0.0135788
1750;0.013506
1760;0.0132958
1770;0.0132527
1780;0.0133141
1790;0.0132034
1800;0.0131571
1810;0.0132475
1820;0.0128371
1830;0.0130228
1840;0.0128872
1850;0.0128507
1860;0.0129556
1870;0.012583
1880;0.0126907
1890;0.0122977
1900;0.0124213
1910;0.0122113
1920;0.0122606
1930;0.0121459
1940;0.0121053
1950;0.0119451
1960;0.0118784
1970;0.0121147
1980;0.0120194
1990;0.0117907
2000;0.0117342
2010;0.0116265
2020;0.0114706
2030;0.0114445
2040;0.0114365
2050;0.011461
2060;0.0114557
2070;0.0113468
2080;0.0112297
2090;0.0111976
2100;0.0111507
2110;0.0111011
2120;0.010942
2130;0.0109775
2140;0.0108369
2150;0.0108804
2160;0.0108187
2170;0.0107472
2180;0.0107213
2190;0.0106777
2200;0.0106175
2210;0.010634
2220;0.0104451
2230;0.0104674
2240;0.0103459
2250;0.0103743
2260;0.0103378
2270;0.0102771
2280;0.0101545
2290;0.0101263
2300;0.0100786
2310;0.0101168
2320;0.0100435
2330;0.00995799
2340;0.00990406
2350;0.00992149
2360;0.00987807
2370;0.00977782
2380;0.00979043
2390;0.00973748
2400;0.00969917
2410;0.00965973
2420;0.00964959
2430;0.00961594
2440;0.00955795
2450;0.00952176
2460;0.00947827
2470;0.00944159
2480;0.00940159
2490;0.00933444
2500;0.00934086
2510;0.00930557
2520;0.00923229
2530;0.00920548
2540;0.00926503
2550;0.00913882
2560;0.00917589
2570;0.00908974
2580;0.0090359
2590;0.00900947
2600;0.00902666
2610;0.00895628
2620;0.00894437
2630;0.00886773
2640;0.00883837
2650;0.00886595
2660;0.00883411
2670;0.00875596
2680;0.00872832
2690;0.00870181
2700;0.00867299
2710;0.00868879
2720;0.00866074
2730;0.00861965
2740;0.00856092
2750;0.00854247
2760;0.00850787
2770;0.00848183
2780;0.00848663
2790;0.00842788
2800;0.00844349
2810;0.00838018
2820;0.00838121
2830;0.00835416
2840;0.00830738
2850;0.00829026
2860;0.00825496
2870;0.00822951
2880;0.00824432
2890;0.00817916
2900;0.00815814
2910;0.00813515
2920;0.00811968
2930;0.00812198
2940;0.00806245
2950;0.0080778
2960;0.00805356
2970;0.00798453
2980;0.00798163
2990;0.00794988
3000;0.00796538
3010;0.00790658
3020;0.00788539
3030;0.00789992
3040;0.00787628
3050;0.00782081
3060;0.00779674
3070;0.00777643
3080;0.00778641
3090;0.00774593
3100;0.00775019
3110;0.00769974
3120;0.00767582
3130;0.00765277
3140;0.00764095
3150;0.00764807
3160;0.00763205
3170;0.00758479
3180;0.00756377
3190;0.0075457
3200;0.00752257
3210;0.00750341
3220;0.00752319
3230;0.00747408
3240;0.00745356
3250;0.00743638
3260;0.00744368
3270;0.00742453
3280;0.00741461
3290;0.00736325
3300;0.00735045
3310;0.00735759
3320;0.00734691
3330;0.00729939
3340;0.00731274
3350;0.00726809
3360;0.00727157
3370;0.00723264
3380;0.00723994
3390;0.00723078
3400;0.00717909
3410;0.00717141
3420;0.00718268
3430;0.00713749
3440;0.00714685
3450;0.00710801
3460;0.00712026
3470;0.00707206
3480;0.00706076
3490;0.00704746
3500;0.00705931
3510;0.00701216
3520;0.00703031
3530;0.00701391
3540;0.00696415
3550;0.00696038
3560;0.00696378
3570;0.00692268
3580;0.00690778
3590;0.00690323
3600;0.00691441
3610;0.0068755
3620;0.00686192
3630;0.00687067
3640;0.00686142
3650;0.00683778
3660;0.00680753
3670;0.00679009
3680;0.00678265
3690;0.00678965
3700;0.00678087
3710;0.00676337
3720;0.00673065
3730;0.00673863
3740;0.0067047
3750;0.00670694
3760;0.0066795
3770;0.00666859
3780;0.00668009
3790;0.00665767
3800;0.0066259
3810;0.00661977
3820;0.00660916
3830;0.00659153
3840;0.00660933
3850;0.00657325
3860;0.00657576
3870;0.00656924
3880;0.00653533
3890;0.00652735
3900;0.00651532
3910;0.00651681
3920;0.00650502
3930;0.00649328
3940;0.00646463
3950;0.00644933
3960;0.00646124
3970;0.00646072
3980;0.00645074
3990;0.00642848
4000;0.00640038
4010;0.00641795
4020;0.00638486
4030;0.00636541
4040;0.00638212
4050;0.00634488
4060;0.00633847
4070;0.00635536
4080;0.00634375
4090;0.00633381
4100;0.00629275
4110;0.00628968
4120;0.00627892
4130;0.00629301
4140;0.00625628
4150;0.0062633
4160;0.00623387
4170;0.00622748
4180;0.00623427
4190;0.00621184
4200;0.00620553
4210;0.00621564
4220;0.00619833
4230;0.00617302
4240;0.0061571
4250;0.00617284
4260;0.00613787
4270;0.00613963
4280;0.00612504
4290;0.00611544
4300;0.0061275
4310;0.00611211
4320;0.00609463
4330;0.00607596
4340;0.00609334
4350;0.00606264
4360;0.00606018
4370;0.00606592
4380;0.00604285
4390;0.00603386
4400;0.00603657
4410;0.00602467
4420;0.00601847
4430;0.00601719
4440;0.00600147
4450;0.00597286
4460;0.00598223
4470;0.00596497
4480;0.00596888
4490;0.00595993
4500;0.00595897
4510;0.00594756
4520;0.00592272
4530;0.00593437
4540;0.0059036
4550;0.00590236
4560;0.00589427
4570;0.00590253
4580;0.0058782
4590;0.00586776
4600;0.00585917
4610;0.00585498
4620;0.00585661
4630;0.00583335
4640;0.005829
4650;0.00581771
4660;0.00582962
4670;0.00580905
4680;0.00580898
4690;0.00580764
4700;0.00578119
4710;0.00577129
4720;0.00576407
4730;0.00578182
4740;0.00575492
4750;0.00576387
4760;0.00574409
4770;0.00573681
4780;0.00571997
4790;0.00571835
4800;0.00572458
4810;0.00570866
4820;0.00570128
4830;0.0056852
4840;0.00569619
4850;0.00569651
4860;0.00569014
4870;0.00565884
4880;0.00566136
4890;0.0056545
4900;0.00565943
4910;0.00565546
4920;0.00562514
4930;0.00564266
4940;0.00562075
4950;0.00561454
4960;0.00560161
4970;0.00560161
4980;0.00559306
4990;0.00558269
5000;0.00559385
5010;0.00557575
5020;0.00556938
5030;0.00555443
5040;0.00556669
5050;0.00556234
5060;0.00554512
5070;0.00553319
5080;0.00553285
5090;0.00553785
5100;0.00553033
5110;0.00552382
5120;0.00550862
5130;0.00549434
5140;0.00550633
5150;0.00549086
5160;0.00548467
5170;0.00547293
5180;0.00548663
5190;0.00546531
5200;0.0054569
5210;0.00545491
5220;0.00544784
5230;0.00545655
5240;0.0054481
5250;0.00542763
5260;0.00543763
5270;0.00542042
5280;0.00541122
5290;0.00540933
5300;0.00540244
5310;0.0053944
5320;0.00538825
5330;0.00539321
5340;0.00539435
5350;0.00537525
5360;0.00536589
5370;0.00536037
5380;0.00535136
5390;0.00535434
5400;0.00534899
5410;0.00533569
5420;0.0053301
5430;0.00532478
5440;0.00534044
5450;0.00533061
5460;0.00531659
5470;0.00531973
5480;0.00529792
5490;0.00530072
5500;0.00529031
5510;0.00530315
5520;0.00528533
5530;0.00527659
5540;0.00527167
5550;0.00528153
5560;0.00525782
5570;0.0052592
5580;0.00525496
5590;0.00525857
5600;0.00524539
5610;0.00524028
5620;0.00523417
5630;0.00523003
5640;0.00523722
5650;0.00521904
5660;0.00521548
5670;0.00522228
5680;0.00520016
5690;0.00521031
5700;0.00520803
5710;0.00520351
5720;0.00518708
5730;0.00518231
5740;0.00517204
5750;0.00517645
5760;0.00517175
5770;0.00516198
5780;0.00516616
5790;0.00514813
5800;0.0051487
5810;0.00513886
5820;0.00513438
5830;0.00513083
5840;0.00513049
5850;0.00512576
5860;0.00512162
5870;0.00512564
5880;0.00510821
5890;0.00510251
5900;0.00509593
5910;0.00511012
5920;0.00508953
5930;0.0050899
5940;0.00507827
5950;0.00508137
5960;0.00508764
5970;0.00506509
5980;0.00506692
5990;0.00506347
6000;0.0050592
6010;0.00505476
6020;0.00504368
6030;0.00504651
6040;0.00504613
6050;0.00504682
6060;0.00502909
6070;0.00502533
6080;0.0050182
6090;0.00501665
6100;0.00502683
6110;0.00501686
6120;0.00501577
6130;0.0049971
6140;0.00499633
6150;0.00499604
6160;0.00498568
6170;0.00498811
6180;0.00498406
6190;0.00497599
6200;0.00498574
6210;0.00496751
6220;0.00497601
6230;0.00497116
6240;0.00495926
6250;0.0049507
6260;0.00496174
6270;0.00494782
6280;0.00494375
6290;0.00493979
6300;0.00493587
6310;0.00492727
6320;0.00492342
6330;0.00492423
6340;0.00492037
6350;0.0049245
6360;0.00492239
6370;0.00491855
6380;0.00490113
6390;0.00490835
6400;0.00489176
6410;0.00488806
6420;0.00488961
6430;0.00487959
6440;0.00488625
6450;0.00488823
6460;0.0048683
6470;0.0048709
6480;0.00487075
6490;0.00485825
6500;0.00485345
6510;0.00485607
6520;0.00484651
6530;0.00484484
6540;0.00484516
6550;0.00484928
6560;0.00483778
6570;0.00483343
6580;0.00482574
6590;0.00483531
6600;0.00482705
6610;0.00482275
6620;0.00482541
6630;0.00482176
6640;0.00480347
6650;0.00481497
6660;0.00480162
6670;0.00479796
6680;0.00479497
6690;0.00479837
6700;0.00478787
6710;0.0047787
6720;0.00478777
6730;0.00477148
6740;0.00476807
6750;0.00477923
6760;0.00477574
6770;0.00477224
6780;0.00476313
6790;0.00475285
6800;0.00475329
6810;0.00475281
6820;0.00474615
6830;0.00473771
6840;0.00474739
6850;0.00473693
6860;0.00473304
6870;0.0047302
6880;0.00473416
6890;0.00473166
6900;0.00472003
6910;0.00471299
6920;0.00471372
6930;0.00470677
6940;0.00471011
6950;0.0047112
6960;0.00469731
6970;0.00470464
6980;0.00469366
6990;0.00469947
7000;0.00468748
7010;0.00469265
7020;0.004681
7030;0.00467365
7040;0.00467754
7050;0.00467144
7060;0.00466289
7070;0.00465991
7080;0.00466882
7090;0.00466519
7100;0.00465017
7110;0.00464778
7120;0.00464903
7130;0.00464641
7140;0.00465018
7150;0.00464006
7160;0.00463697
7170;0.00462978
7180;0.00463341
7190;0.00462377
7200;0.00462746
7210;0.00462992
7220;0.00462137
7230;0.00461806
7240;0.00461238
7250;0.00460579
7260;0.00461317
7270;0.00460331
7280;0.00460712
7290;0.00460022
7300;0.00458935
7310;0.00459775
7320;0.00458824
7330;0.00458514
7340;0.00457892
7350;0.0045821
7360;0.00457925
7370;0.00457349
7380;0.00456765
7390;0.00456424
7400;0.00457271
7410;0.00456943
7420;0.00455419
7430;0.00455267
7440;0.00454865
7450;0.00454604
7460;0.00454785
7470;0.00454171
7480;0.00453877
7490;0.00454193
7500;0.00453638
7510;0.00453393
7520;0.0045262
7530;0.00452817
7540;0.00453152
7550;0.00451882
7560;0.00452756
7570;0.00451707
7580;0.00451465
7590;0.00450834
7600;0.00451596
7610;0.0045124
7620;0.00451073
7630;0.00449716
7640;0.0044944
7650;0.0045013
7660;0.00449859
7670;0.00449587
7680;0.00448313
7690;0.00449121
7700;0.00447805
7710;0.00447879
7720;0.00447235
7730;0.00446959
7740;0.00447057
7750;0.00446784
7760;0.0044679
7770;0.00446247
7780;0.00446693
7790;0.00445712
7800;0.00445083
7810;0.0044483
7820;0.00444582
7830;0.00444662
7840;0.00445107
7850;0.0044414
7860;0.00443864
7870;0.00443614
7880;0.00442991
7890;0.00443094
7900;0.00443528
7910;0.00442561
7920;0.00441972
7930;0.00442082
7940;0.00441488
7950;0.0044179
7960;0.00441919
7970;0.0044105
7980;0.00440819
7990;0.00440775
8000;0.00439969
8010;0.00440017
8020;0.00440005
8030;0.00440221
8040;0.00439867
8050;0.00439707
8060;0.00438778
8070;0.00438531
8080;0.00437943
8090;0.00437718
8100;0.00437485
8110;0.00437532
8120;0.00437307
8130;0.00437053
8140;0.00437481
8150;0.00436801
8160;0.00435895
8170;0.0043607
8180;0.00435842
8190;0.00435253
8200;0.00435338
8210;0.00434691
8220;0.00434847
8230;0.00434855
8240;0.00434371
8250;0.00434365
8260;0.00434533
8270;0.00433654
8280;0.00433003
8290;0.00432891
8300;0.00432632
8310;0.00432384
8320;0.00432687
8330;0.00432228
8340;0.00432658
8350;0.00431791
8360;0.00431215
8370;0.00431297
8380;0.00431603
8390;0.00431445
8400;0.00431104
8410;0.00430021
8420;0.00430652
8430;0.00429885
8440;0.00429648
8450;0.00429091
8460;0.00429211
8470;0.00428974
8480;0.00429335
8490;0.00428195
8500;0.00428295
8510;0.00427729
8520;0.00427851
8530;0.00428154
8540;0.00427573
8550;0.00427143
8560;0.00426932
8570;0.00426323
8580;0.00426994
8590;0.00426259
8600;0.00426239
8610;0.00426006
8620;0.00425187
8630;0.0042597
8640;0.0042485
8650;0.00425531
8660;0.00424723
8670;0.00425086
8680;0.00424775
8690;0.00424255
8700;0.00424329
8710;0.00424181
8720;0.00423346
8730;0.00422834
8740;0.00422915
8750;0.00423278
8760;0.00423076
8770;0.00422787
8780;0.00421652
8790;0.00421524
8800;0.00422188
8810;0.00421379
8820;0.00421748
8830;0.00420971
8840;0.00420739
8850;0.00420233
8860;0.00420903
8870;0.00420675
8880;0.00420412
8890;0.00419415
8900;0.00419683
8910;0.00419776
8920;0.00418775
8930;0.00418483
8940;0.0041865
8950;0.00418436
8960;0.00417912
8970;0.0041801
8980;0.00418299
8990;0.00418172
9000;0.00417859
9010;0.0041769
9020;0.00417548
9030;0.00416958
9040;0.0041619
9050;0.00416893
9060;0.00415797
9070;0.00415945
9080;0.00416272
9090;0.00415234
9100;0.00415821
9110;0.00415312
9120;0.00415473
9130;0.00415199
9140;0.00414995
9150;0.00414853
9160;0.00414275
9170;0.00413535
9180;0.00413713
9190;0.00413211
9200;0.00413003
9210;0.00413587
9220;0.00412925
9230;0.00412725
9240;0.00412513
9250;0.00412849
9260;0.00411842
9270;0.00411929
9280;0.00411751
9290;0.00411738
9300;0.0041135
9310;0.00410791
9320;0.00411138
9330;0.00411276
9340;0.00411081
9350;0.00409999
9360;0.00410637
9370;0.00409983
9380;0.00409484
9390;0.00409577
9400;0.00409406
9410;0.00408918
9420;0.00408719
9430;0.0040884
9440;0.00408797
9450;0.00408942
9460;0.00408248
9470;0.00408516
9480;0.00408026
9490;0.00407389
9500;0.00407168
9510;0.00407296
9520;0.00406764
9530;0.00406927
9540;0.00407238
9550;0.00406997
9560;0.00406057
9570;0.00406149
9580;0.00405965
9590;0.00406304
9600;0.00406091
9610;0.00405932
9620;0.0040574
9630;0.00405492
9640;0.00404839
9650;0.00404387
9660;0.00404664
9670;0.00403971
9680;0.00404575
9690;0.00403612
9700;0.00403491
9710;0.00403735
9720;0.00403394
9730;0.00402879
9740;0.00403514
9750;0.00402515
9760;0.00402832
9770;0.00402923
9780;0.0040245
9790;0.00402108
9800;0.00402381
9810;0.00401474
9820;0.00401299
9830;0.00401814
9840;0.00401206
9850;0.00401203
9860;0.00401343
9870;0.00400665
9880;0.00400224
9890;0.0040079
9900;0.00400569
9910;0.00399952
9920;0.00400248
9930;0.00400066
9940;0.00399145
9950;0.0039972
9960;0.00399051
9970;0.00398876
9980;0.00398864
9990;0.00399022
10000;0.00398064
10010;0.00398624
10020;0.00398159
10030;0.00397836
10040;0.0039766
10050;0.00397647
10060;0.00397803
10070;0.00396848
10080;0.00396713
10090;0.00396537
10100;0.00397079
10110;0.00396852
10120;0.00396012
10130;0.00395841
10140;0.00395928
10150;0.00395451
10160;0.00395593
10170;0.00395847
10180;0.0039526
10190;0.00394824
10200;0.0039492
10210;0.00395217
10220;0.00394724
10230;0.00394102
10240;0.00394245
10250;0.00394078
10260;0.00393654
10270;0.00394156
10280;0.00394019
10290;0.00393865
10300;0.00392969
10310;0.0039275
10320;0.00392602
10330;0.00393176
10340;0.00392545
10350;0.00392097
10360;0.00391925
10370;0.0039204
10380;0.0039188
10390;0.00391719
10400;0.00391554
10410;0.003918
10420;0.00391645
10430;0.00391079
10440;0.00391304
10450;0.00390469
10460;0.00390334
10470;0.00390136
10480;0.00389967
10490;0.0039053
10500;0.0039036
10510;0.00390171
10520;0.00389354
10530;0.00389876
10540;0.0038971
10550;0.00388829
10560;0.00388714
10570;0.003888
10580;0.00388366
10590;0.00388476
10600;0.00388072
10610;0.00388591
10620;0.00388406
10630;0.00387999
10640;0.00388118
10650;0.00387532
10660;0.00387088
10670;0.00387219
10680;0.00387493
10690;0.00387291
10700;0.0038649
10710;0.00386359
10720;0.0038659
10730;0.00386702
10740;0.00385847
10750;0.00385702
10760;0.00386232
10770;0.00385414
10780;0.00385891
10790;0.00385104
10800;0.00384954
10810;0.00385449
10820;0.00384878
10830;0.00384442
10840;0.00384953
10850;0.0038418
10860;0.00384259
10870;0.00384249
10880;0.00383954
10890;0.003838
10900;0.00383787
10910;0.00383649
10920;0.00383731
10930;0.00383324
10940;0.00383453
10950;0.00383297
10960;0.00382881
10970;0.00382717
10980;0.00382814
10990;0.00382296
11000;0.00382533
11010;0.00381714
11020;0.00381823
11030;0.0038144
11040;0.00381523
11050;0.00381373
11060;0.00381226
11070;0.0038145
11080;0.00381335
11090;0.00381185
11100;0.0038039
11110;0.00380239
11120;0.00380723
11130;0.00380572
11140;0.00380033
11150;0.00380294
11160;0.00380143
11170;0.0037958
11180;0.00379433
11190;0.00379021
11200;0.00379495
11210;0.00378767
11220;0.00378633
11230;0.00378443
11240;0.00378702
11250;0.00378801
11260;0.00378395
11270;0.0037851
11280;0.00377975
11290;0.00377845
11300;0.00377815
11310;0.00377324
11320;0.00377177
11330;0.00377621
11340;0.00377458
11350;0.00377362
11360;0.0037657
11370;0.00377032
11380;0.00376906
11390;0.00376383
11400;0.00376632
11410;0.00376102
11420;0.00375713
11430;0.00375597
11440;0.00375454
11450;0.0037592
11460;0.00375188
11470;0.00375651
11480;0.0037512
11490;0.00375367
11500;0.00374593
11510;0.00374694
11520;0.00374689
11530;0.00374426
11540;0.00374646
11550;0.00374518
11560;0.00374367
11570;0.00373605
11580;0.00373482
11590;0.00373587
11600;0.0037345
11610;0.00373092
11620;0.00372967
11630;0.00373402
11640;0.00373271
11650;0.00372533
11660;0.00372968
11670;0.00372265
11680;0.00372698
11690;0.00371992
11700;0.00372416
11710;0.00371715
11720;0.00371794
11730;0.00371423
11740;0.00371864
11750;0.00371501
11760;0.00371256
11770;0.00370906
11780;0.00370972
11790;0.00371194
11800;0.00370697
11810;0.00370931
11820;0.00370437
11830;0.00370292
11840;0.00370163
11850;0.00370372
11860;0.00369658
11870;0.00369549
11880;0.0036964
11890;0.00369252
11900;0.00369127
11910;0.00369567
11920;0.00369095
11930;0.00368961
11940;0.00368827
11950;0.00368804
11960;0.00368911
11970;0.00368217
11980;0.00368662
11990;0.00368525
12000;0.00368044
12010;0.00367664
12020;0.00367768
12030;0.00367428
12040;0.003675
12050;0.00367374
12060;0.00367034
12070;0.0036689
12080;0.00367342
12090;0.00366851
12100;0.00367074
12110;0.00366942
12120;0.00366261
12130;0.00366327
12140;0.00366197
12150;0.00366065
12160;0.00366282
12170;0.00365585
12180;0.00365786
12190;0.00365895
12200;0.00365205
12210;0.00365056
12220;0.00365163
12230;0.00365353
12240;0.00365223
12250;0.00364878
12260;0.00364432
12270;0.00364309
12280;0.00364386
12290;0.00364577
12300;0.00363925
12310;0.00364325
12320;0.00364228
12330;0.00363522
12340;0.00363744
12350;0.00363844
12360;0.00363164
12370;0.00363553
12380;0.00363116
12390;0.00362999
12400;0.00362636
12410;0.00363061
12420;0.00362618
12430;0.00362494
12440;0.00362169
12450;0.0036259
12460;0.00362137
12470;0.00362122
12480;0.00361887
12490;0.00361749
12500;0.00361931
12510;0.00361279
12520;0.00361692
12530;0.00361053
12540;0.00361132
12550;0.00361115
12560;0.0036122
12570;0.00360762
12580;0.00360644
12590;0.00360856
12600;0.00360194
12610;0.00360268
12620;0.00360252
12630;0.00360139
12640;0.00359906
12650;0.00359888
12660;0.00359451
12670;0.00359324
12680;0.00359534
12690;0.00359628
12700;0.00359287
12710;0.00359046
12720;0.00358923
12730;0.00358813
12740;0.00358785
12750;0.00358666
12760;0.00358439
12770;0.0035865
12780;0.00358202
12790;0.00358083
12800;0.00357767
12810;0.00357843
12820;0.00357834
12830;0.00357604
12840;0.00357485
12850;0.00357682
12860;0.00357244
12870;0.00356935
12880;0.00356807
12890;0.0035669
12900;0.00357099
12910;0.00356655
12920;0.00356542
12930;0.00356423
12940;0.00356307
12950;0.0035598
12960;0.00356063
12970;0.00355942
12980;0.0035565
12990;0.00355512
13000;0.00355385
13010;0.00355784
13020;0.00355352
13030;0.00355534
13040;0.00355124
13050;0.00355004
13060;0.00354892
13070;0.00354589
13080;0.00354977
13090;0.00354548
13100;0.00354433
13110;0.00354314
13120;0.00354022
13130;0.00353879
13140;0.00354272
13150;0.00354142
13160;0.00353732
13170;0.0035391
13180;0.00353803
13190;0.00353206
13200;0.00353272
13210;0.00353472
13220;0.00353151
13230;0.00352933
13240;0.00352813
13250;0.00352521
13260;0.00352405
13270;0.00352788
13280;0.00352362
13290;0.00352253
13300;0.00352151
13310;0.0035231
13320;0.00351914
13330;0.00351617
13340;0.00351688
13350;0.00351388
13360;0.0035126
13370;0.00351355
13380;0.00351251
13390;0.0035124
13400;0.00351305
13410;0.00350906
13420;0.00350792
13430;0.00350486
13440;0.00350576
13450;0.00350268
13460;0.00350649
13470;0.00350331
13480;0.00349943
13490;0.00350118
13500;0.00350184
13510;0.00349614
13520;0.00349497
13530;0.00349569
13540;0.0034975
13550;0.00349622
13560;0.00349236
13570;0.00349128
13580;0.00348844
13590;0.00348741
13600;0.0034907
13610;0.00348794
13620;0.00348855
13630;0.00348467
13640;0.00348194
13650;0.00348263
13660;0.00347949
13670;0.00347842
13680;0.0034803
13690;0.00347626
13700;0.00347711
13710;0.00347426
13720;0.00347306
13730;0.00347219
13740;0.00347388
13750;0.00347176
13760;0.00346898
13770;0.0034677
13780;0.00346946
13790;0.00346744
13800;0.0034665
13810;0.00346635
13820;0.00346236
13830;0.00346583
13840;0.00346315
13850;0.00346378
13860;0.00345816
13870;0.00345978
13880;0.0034578
13890;0.00345494
13900;0.00345848
13910;0.00345291
13920;0.00345182
13930;0.00345077
13940;0.00344983
13950;0.00345307
13960;0.00345023
13970;0.0034466
13980;0.00344988
13990;0.00344442
14000;0.00344342
14010;0.00344422
14020;0.0034431
14030;0.00344017
14040;0.00344093
14050;0.00343986
14060;0.00343987
14070;0.0034404
14080;0.00343674
14090;0.00343388
14100;0.00343466
14110;0.00343192
14120;0.00343262
14130;0.00343161
14140;0.00343148
14150;0.00342776
14160;0.00343119
14170;0.00342564
14180;0.0034264
14190;0.00342379
14200;0.00342699
14210;0.00342164
14220;0.00342061
14230;0.00341963
14240;0.00341851
14250;0.00341763
14260;0.00342101
14270;0.00341809
14280;0.0034145
14290;0.00341349
14300;0.00341415
14310;0.00341317
14320;0.0034149
14330;0.00340946
14340;0.00341273
14350;0.0034074
14360;0.0034106
14370;0.0034098
14380;0.00340613
14390;0.00340601
14400;0.00340235
14410;0.00340576
14420;0.00340034
14430;0.00340101
14440;0.00339996
14450;0.00339723
14460;0.0034006
14470;0.00339708
14480;0.00339439
14490;0.00339324
14500;0.00339662
14510;0.00339559
14520;0.00339461
14530;0.00339098
14540;0.00339254
14550;0.00338736
14560;0.00339057
14570;0.00338539
14580;0.00338606
14590;0.00338348
14600;0.00338505
14610;0.00338574
14620;0.00338219
14630;0.00338212
14640;0.00338029
14650;0.00338013
14660;0.00337912
14670;0.00337809
14680;0.00337457
14690;0.00337789
14700;0.00337277
14710;0.00337339
14720;0.00337068
14730;0.00336972
14740;0.00337047
14750;0.00336945
14760;0.00336857
14770;0.00336763
14780;0.00336904
14790;0.00336399
14800;0.00336463
14810;0.00336629
14820;0.00336517
14830;0.00336424
14840;0.00336325
14850;0.00335981
14860;0.00335887
14870;0.00335798
14880;0.00335943
14890;0.00335596
14900;0.00335499
14910;0.0033566
14920;0.00335151
14930;0.00335048
14940;0.00335211
14950;0.00334858
14960;0.00334778
14970;0.00334688
14980;0.00334577
14990;0.00334658
15000;0.00334559
15010;0.0033447
15020;0.00334215
15030;0.00334278
15040;0.00334182
15050;0.00334096
15060;0.00334076
15070;0.003339
15080;0.00333894
15090;0.00333557
15100;0.00333454
15110;0.00333375
15120;0.0033343
15130;0.00333339
15140;0.0033309
15150;0.00333389
15160;0.00333055
15170;0.00332813
15180;0.00333123
15190;0.00332791
15200;0.00332536
15210;0.0033285
15220;0.00332597
15230;0.00332499
15240;0.00332557
15250;0.00332234
15260;0.0033238
15270;0.00332044
15280;0.00331956
15290;0.00331714
15300;0.0033201
15310;0.00331921
15320;0.00331445
15330;0.00331349
15340;0.00331412
15350;0.00331175
15360;0.00331083
15370;0.0033139
15380;0.00331051
15390;0.00330814
15400;0.00330715
15410;0.00331019
15420;0.00330933
15430;0.00330685
15440;0.00330508
15450;0.00330261
15460;0.00330331
15470;0.0033024
15480;0.00330003
15490;0.0033031
15500;0.00329828
15510;0.00330122
15520;0.00329877
15530;0.00329955
15540;0.00329627
15550;0.00329772
15560;0.00329678
15570;0.00329434
15580;0.00329128
15590;0.00329415
15600;0.00328947
15610;0.00328865
15620;0.00328926
15630;0.00329069
15640;0.00328981
15650;0.00328885
15660;0.00328788
15670;0.00328322
15680;0.0032825
15690;0.00328166
15700;0.00328217
15710;0.0032813
15720;0.00327899
15730;0.00327966
15740;0.00327721
15750;0.00327648
15760;0.00327792
15770;0.00327626
15780;0.00327763
15790;0.0032753
15800;0.0032722
15810;0.00327128
15820;0.0032705
15830;0.00326969
15840;0.00327266
15850;0.00327022
15860;0.00326712
15870;0.0032686
15880;0.00326541
15890;0.00326695
15900;0.0032661
15910;0.00326673
15920;0.00326585
15930;0.00326288
15940;0.00326202
15950;0.00326353
15960;0.0032626
15970;0.00326038
15980;0.00325723
15990;0.00326021
16000;0.00325566
16010;0.00325861
16020;0.00325561
16030;0.0032533
16040;0.00325396
16050;0.0032532
16060;0.00325099
16070;0.00325164
16080;0.00324938
16090;0.00325005
16100;0.00325012
16110;0.00325081
16120;0.00325004
16130;0.0032456
16140;0.00324851
16150;0.00324762
16160;0.00324698
16170;0.00324611
16180;0.00324183
16190;0.00324249
16200;0.00324179
16210;0.00324179
16220;0.00324114
16230;0.00324038
16240;0.0032397
16250;0.00323671
16260;0.00323974
16270;0.00323678
16280;0.0032384
16290;0.00323542
16300;0.00323341
16310;0.00323261
16320;0.00323555
16330;0.00323132
16340;0.00323293
16350;0.00323149
16360;0.00323299
16370;0.00323105
16380;0.00323187
16390;0.00323114
16400;0.00323055
16410;0.00323011
16420;0.00322953
16430;0.00322743
16440;0.00322471
16450;0.00322556
16460;0.00322503
16470;0.00322447
16480;0.00322394
16490;0.00322347
16500;0.00322157
16510;0.00322476
16520;0.00322201
16530;0.00322368
16540;0.00321975
16550;0.00322135
16560;0.00322239
16570;0.00321827
16580;0.00321774
16590;0.00322099
16600;0.00321691
16610;0.00321666
16620;0.00321764
16630;0.00321584
16640;0.0032168
16650;0.00321503
16660;0.00321466
16670;0.00321419
16680;0.00321504
16690;0.00321569
16700;0.00321431
16710;0.00321244
16720;0.00321352
16730;0.00321148
16740;0.00321124
16750;0.00321069
16760;0.00321161
16770;0.00320976
16780;0.00320928
16790;0.00321232
16800;0.00320959
16810;0.00320896
16820;0.00320826
16830;0.00321014
16840;0.0032058
16850;0.00320649
16860;0.00320587
16870;0.0032039
16880;0.00320666
16890;0.00320587
16900;0.00320504
16910;0.00320212
16920;0.00320137
16930;0.0032013
16940;0.00320195
16950;0.00320092
16960;0.00319657
16970;0.00319694
16980;0.00319815
16990;0.00319727
17000;0.00319409
17010;0.00319529
17020;0.00319202
17030;0.00319316
17040;0.00319004
17050;0.00318905
17060;0.00319021
17070;0.00318562
17080;0.00318582
17090;0.00318561
17100;0.00318369
17110;0.00318336
17120;0.00318017
17130;0.00317894
17140;0.00318137
17150;0.00317689
17160;0.00317783
17170;0.00317595
17180;0.00317484
17190;0.00317456
17200;0.0031713
17210;0.00317362
17220;0.00317041
17230;0.00316797
17240;0.00317024
17250;0.00316566
17260;0.00316462
17270;0.00316688
17280;0.00316366
17290;0.00316261
17300;0.00316016
17310;0.0031604
17320;0.00316145
17330;0.0031569
17340;0.00315586
17350;0.00315813
17360;0.00315711
17370;0.00315391
17380;0.00315159
17390;0.00315051
17400;0.0031495
17410;0.00314848
17420;0.00314872
17430;0.00314976
17440;0.00314867
17450;0.00314436
17460;0.00314458
17470;0.00314228
17480;0.00314257
17490;0.00314356
17500;0.0031426
17510;0.00313824
17520;0.00313932
17530;0.00313631
17540;0.00313866
17550;0.00313559
17560;0.00313336
17570;0.00313363
17580;0.00313471
17590;0.00313246
17600;0.0031315
17610;0.00313059
17620;0.00312885
17630;0.00312788
17640;0.00312893
17650;0.00312807
17660;0.0031251
17670;0.00312491
17680;0.00312321
17690;0.00312432
17700;0.00312137
17710;0.00311925
17720;0.00312154
17730;0.00311866
17740;0.00311849
17750;0.00311686
17760;0.00311791
17770;0.00311508
17780;0.003113
17790;0.00311531
17800;0.00311247
17810;0.0031123
17820;0.00310949
17830;0.00311182
17840;0.00311093
17850;0.00310686
17860;0.00310603
17870;0.00310636
17880;0.00310747
17890;0.00310341
17900;0.00310383
17910;0.00310499
17920;0.00310412
17930;0.00310009
17940;0.00309926
17950;0.00310042
17960;0.00310079
17970;0.00309676
17980;0.00309598
17990;0.00309832
18000;0.00309548
18010;0.00309665
18020;0.00309388
18030;0.00309187
18040;0.00309109
18050;0.00309213
18060;0.00309254
18070;0.0030898
18080;0.00308899
18090;0.00308702
18100;0.00308618
18110;0.00308541
18120;0.00308769
18130;0.00308564
18140;0.00308417
18150;0.00308221
18160;0.00308139
18170;0.0030806
18180;0.00308105
18190;0.00308091
18200;0.00308139
18210;0.00307867
18220;0.00307668
18230;0.00307708
18240;0.0030782
18250;0.00307433
18260;0.00307474
18270;0.00307274
18280;0.00307318
18290;0.00307429
18300;0.00307167
18310;0.00307149
18320;0.00306889
18330;0.00306931
18340;0.0030685
18350;0.00306773
18360;0.00306881
18370;0.00306684
18380;0.00306541
18390;0.00306347
18400;0.00306391
18410;0.00306311
18420;0.00306308
18430;0.0030616
18440;0.00306148
18450;0.00306189
18460;0.00306117
18470;0.0030604
18480;0.00305967
18490;0.00305703
18500;0.00305692
18510;0.00305551
18520;0.0030554
18530;0.0030529
18540;0.00305397
18550;0.00305253
18560;0.00305057
18570;0.00305281
18580;0.00305089
18590;0.00305134
18600;0.00304943
18610;0.003048
18620;0.00304906
18630;0.00304535
18640;0.00304581
18650;0.00304504
18660;0.00304502
18670;0.00304246
18680;0.00304469
18690;0.0030421
18700;0.00304315
18710;0.00303948
18720;0.0030399
18730;0.00303915
18740;0.00303842
18750;0.00303773
18760;0.00303585
18770;0.00303805
18780;0.0030373
18790;0.00303661
18800;0.00303464
18810;0.00303511
18820;0.00303433
18830;0.00303073
18840;0.00303289
18850;0.00302919
18860;0.00303026
18870;0.00303068
18880;0.00302701
18890;0.00302739
18900;0.00302844
18910;0.00302595
18920;0.00302527
18930;0.00302448
18940;0.00302261
18950;0.00302365
18960;0.0030223
18970;0.00302156
18980;0.00302088
18990;0.00301899
19000;0.00302121
19010;0.00301867
19020;0.00301797
19030;0.00301896
19040;0.00301711
19050;0.00301471
19060;0.00301507
19070;0.00301438
19080;0.00301539
19090;0.00301358
19100;0.0030128
19110;0.00301323
19120;0.00301139
19130;0.00300889
19140;0.00300818
19150;0.00300916
19160;0.00300787
19170;0.00300781
19180;0.00300644
19190;0.0030074
19200;0.00300671
19210;0.003006
19220;0.00300356
19230;0.00300288
19240;0.0030039
19250;0.00300316
19260;0.00299967
19270;0.00300177
19280;0.00300105
19290;0.0029986
19300;0.00299788
19310;0.00299604
19320;0.00299644
19330;0.00299748
19340;0.00299565
19350;0.00299326
19360;0.00299534
19370;0.00299189
19380;0.00299118
19390;0.00299149
19400;0.00299249
19410;0.00299073
19420;0.0029883
19430;0.00299045
19440;0.00298856
19450;0.00298789
19460;0.00298662
19470;0.00298756
19480;0.00298525
19490;0.00298616
19500;0.00298269
19510;0.0029848
19520;0.00298138
19530;0.00298061
19540;0.00298271
19550;0.00298094
19560;0.00298133
19570;0.00298061
19580;0.0029782
19590;0.0029792
19600;0.00297575
19610;0.00297503
19620;0.00297714
19630;0.00297642
19640;0.00297467
19650;0.00297507
19660;0.00297273
19670;0.00297204
19680;0.0029702
19690;0.00296955
19700;0.00296887
19710;0.00296815
19720;0.00296853
19730;0.00296679
19740;0.0029688
19750;0.00296712
19760;0.00296743
19770;0.00296409
19780;0.0029634
19790;0.00296541
19800;0.00296468
19810;0.00296301
19820;0.00296063
19830;0.00296266
19840;0.0029593
19850;0.00295968
19860;0.00295959
19870;0.00295832
19880;0.00295657
19890;0.00295693
19900;0.00295682
19910;0.0029545
19920;0.00295389
19930;0.00295318
19940;0.00295511
19950;0.00295181
19960;0.00295374
19970;0.00295313
19980;0.0029524
19990;0.0029518
20000;0.00294946
20010;0.0029504
20020;0.00294968
20030;0.002949
20040;0.00294839
20050;0.00294609
20060;0.00294598
20070;0.00294631
20080;0.0029446
20090;0.00294344
20100;0.00294438
20110;0.00294372
20120;0.00294144
20130;0.00294073
20140;0.00294007
20150;0.00294105
20160;0.00294037
20170;0.00293969
20180;0.00293902
20190;0.00293834
20200;0.00293508
20210;0.0029344
20220;0.00293639
20230;0.00293312
20240;0.00293394
20250;0.00293439
20260;0.00293108
20270;0.00293143
20280;0.00293078
20290;0.0029291
20300;0.00292946
20310;0.00292887
20320;0.0029287
20330;0.00292757
20340;0.0029259
20350;0.00292779
20360;0.00292552
20370;0.00292488
20380;0.00292317
20390;0.00292255
20400;0.00292288
20410;0.0029213
20420;0.00292315
20430;0.00291995
20440;0.00292187
20450;0.00292123
20460;0.00292057
20470;0.00291984
20480;0.00291768
20490;0.00291703
20500;0.00291794
20510;0.00291479
20520;0.00291664
20530;0.00291602
20540;0.00291278
20550;0.00291313
20560;0.00291257
20570;0.00291184
20580;0.00291022
20590;0.00290954
20600;0.00290993
20610;0.00290986
20620;0.0029102
20630;0.00290954
20640;0.0029074
20650;0.00290572
20660;0.00290509
20670;0.00290604
20680;0.00290532
20690;0.00290576
20700;0.00290358
20710;0.00290292
20720;0.0029038
20730;0.00290319
20740;0.00290006
20750;0.00290194
20760;0.0029003
20770;0.00289813
20780;0.00289994
20790;0.00289685
20800;0.00289721
20810;0.00289811
20820;0.00289502
20830;0.00289687
20840;0.00289615
20850;0.00289457
20860;0.00289243
20870;0.0028928
20880;0.00289124
20890;0.0028916
20900;0.00288993
20910;0.00289179
20920;0.00288873
20930;0.00288906
20940;0.00288744
20950;0.00288678
20960;0.00288619
20970;0.00288561
20980;0.00288648
20990;0.00288683
21000;0.00288469
21010;0.00288307
21020;0.002884
21030;0.00288285
21040;0.00288127
21050;0.0028831
21060;0.00288097
21070;0.0028804
21080;0.00287877
21090;0.00287956
21100;0.00287849
21110;0.00287939
21120;0.00287875
21130;0.00287572
21140;0.0028775
21150;0.00287538
21160;0.00287625
21170;0.0028747
21180;0.00287406
21190;0.00287295
21200;0.00287139
21210;0.00287078
21220;0.00287015
21230;0.00287096
21240;0.00286989
21250;0.00287069
21260;0.00286866
21270;0.00286803
21280;0.00286654
21290;0.00286824
21300;0.00286629
21310;0.00286561
21320;0.00286548
21330;0.00286352
21340;0.00286283
21350;0.00286467
21360;0.00286404
21370;0.00286337
21380;0.00286189
21390;0.00286129
21400;0.00286016
21410;0.00285955
21420;0.002858
21430;0.00285834
21440;0.00285684
21450;0.0028562
21460;0.00285568
21470;0.00285736
21480;0.00285589
21490;0.00285387
21500;0.00285326
21510;0.00285504
21520;0.00285297
21530;0.00285236
21540;0.00285084
21550;0.00285163
21560;0.00284969
21570;0.00284911
21580;0.00285078
21590;0.00284788
21600;0.00284728
21610;0.00284669
21620;0.00284703
21630;0.00284558
21640;0.00284587
21650;0.00284526
21660;0.0028452
21670;0.00284319
21680;0.00284348
21690;0.00284197
21700;0.00284239
21710;0.00284078
21720;0.00284019
21730;0.00284193
21740;0.00283996
21750;0.00284074
21760;0.00283784
21770;0.00283821
21780;0.00283675
21790;0.00283845
21800;0.00283554
21810;0.00283724
21820;0.00283531
21830;0.00283616
21840;0.00283414
21850;0.00283497
21860;0.00283439
21870;0.00283145
21880;0.0028309
21890;0.00283265
21900;0.00283204
21910;0.0028301
21920;0.00283089
21930;0.00282892
21940;0.00282834
21950;0.00282818
21960;0.0028263
21970;0.00282566
21980;0.00282743
21990;0.00282461
22000;0.00282628
22010;0.00282433
22020;0.00282375
22030;0.00282226
22040;0.00282302
22050;0.00282341
22060;0.00282052
22070;0.00282221
22080;0.00281942
22090;0.00281883
22100;0.00282056
22110;0.00281771
22120;0.00281937
22130;0.00281789
22140;0.002816
22150;0.00281769
22160;0.00281576
22170;0.00281658
22180;0.00281371
22190;0.00281409
22200;0.00281352
22210;0.00281208
22220;0.00281144
22230;0.00281317
22240;0.0028103
22250;0.00281073
22260;0.00281008
22270;0.00280959
22280;0.00280904
22290;0.00280841
22300;0.00280698
22310;0.00280642
22320;0.00280723
22330;0.00280663
22340;0.00280561
22350;0.00280416
22360;0.00280491
22370;0.00280439
22380;0.00280336
22390;0.00280323
22400;0.0028027
22410;0.00280079
22420;0.00280243
22430;0.00280056
22440;0.00280044
22450;0.00279945
22460;0.00279803
22470;0.00279839
22480;0.00279916
22490;0.00279728
22500;0.00279711
22510;0.00279527
22520;0.00279563
22530;0.00279505
22540;0.00279585
22550;0.0027953
22560;0.00279252
22570;0.00279413
22580;0.00279229
22590;0.00279304
22600;0.00279033
22610;0.00278983
22620;0.00279011
22630;0.00279085
22640;0.00279036
22650;0.00278762
22660;0.00278792
22670;0.00278655
22680;0.00278596
22690;0.00278628
22700;0.00278702
22710;0.00278434
22720;0.00278597
22730;0.00278544
22740;0.00278363
22750;0.00278221
22760;0.0027838
22770;0.00278192
22780;0.00278142
22790;0.00278085
22800;0.00277947
22810;0.00278108
22820;0.00277836
22830;0.00278
22840;0.00277728
22850;0.00277759
22860;0.00277618
22870;0.00277652
22880;0.00277733
22890;0.00277461
22900;0.0027762
22910;0.00277355
22920;0.00277512
22930;0.00277465
22940;0.00277194
22950;0.00277231
22960;0.00277296
22970;0.00277244
22980;0.00276979
22990;0.00277141
23000;0.00277004
23010;0.00277033
23020;0.00276978
23030;0.00276709
23040;0.00276875
23050;0.00276815
23060;0.00276769
23070;0.00276497
23080;0.00276537
23090;0.00276606
23100;0.00276427
23110;0.002765
23120;0.00276449
23130;0.00276391
23140;0.00276133
23150;0.00276076
23160;0.00276027
23170;0.00276101
23180;0.00275916
23190;0.00275862
23200;0.00276022
23210;0.00275843
23220;0.0027592
23230;0.0027566
23240;0.00275816
23250;0.00275758
23260;0.00275498
23270;0.00275528
23280;0.00275602
23290;0.00275421
23300;0.00275284
23310;0.0027524
23320;0.0027539
23330;0.00275132
23340;0.00275161
23350;0.00275113
23360;0.00275061
23370;0.00274921
23380;0.00275001
23390;0.00275031
23400;0.00274896
23410;0.00274718
23420;0.00274874
23430;0.00274615
23440;0.00274651
23450;0.00274715
23460;0.00274664
23470;0.00274408
23480;0.00274478
23490;0.00274303
23500;0.00274251
23510;0.00274201
23520;0.00274232
23530;0.00274186
23540;0.00274254
23550;0.00273996
23560;0.00274024
23570;0.0027398
23580;0.00273838
23590;0.00273916
23600;0.00273945
23610;0.00273812
23620;0.00273843
23630;0.00273582
23640;0.00273656
23650;0.00273608
23660;0.00273637
23670;0.0027346
23680;0.00273535
23690;0.00273358
23700;0.00273314
23710;0.00273381
23720;0.00273243
23730;0.00273157
23740;0.00273227
23750;0.00273052
23760;0.00273124
23770;0.0027307
23780;0.00272901
23790;0.00272854
23800;0.00272919
23810;0.00272753
23820;0.00272622
23830;0.00272771
23840;0.00272722
23850;0.00272665
23860;0.00272504
23870;0.00272492
23880;0.00272522
23890;0.00272269
23900;0.00272421
23910;0.00272247
23920;0.00272196
23930;0.00272148
23940;0.0027222
23950;0.0027217
23960;0.00271915
23970;0.00272072
23980;0.00271901
23990;0.00271848
24000;0.00271837
24010;0.00271675
24020;0.00271701
24030;0.00271654
24040;0.00271645
24050;0.00271474
24060;0.00271502
24070;0.00271458
24080;0.00271328
24090;0.00271469
24100;0.00271343
24110;0.00271181
24120;0.00271329
24130;0.00271276
24140;0.00271108
24150;0.00270974
24160;0.00270925
24170;0.00270879
24180;0.00270829
24190;0.0027086
24200;0.00270729
24210;0.0027068
24220;0.00270715
24230;0.00270668
24240;0.00270619
24250;0.00270489
24260;0.00270522
24270;0.00270587
24280;0.0027046
24290;0.00270375
24300;0.00270356
24310;0.00270194
24320;0.00270258
24330;0.00270288
24340;0.0027013
24350;0.00270075
24360;0.00269947
24370;0.00269977
24380;0.00269857
24390;0.00270002
24400;0.00269833
24410;0.00269784
24420;0.00269857
24430;0.00269729
24440;0.00269752
24450;0.00269626
24460;0.00269465
24470;0.00269611
24480;0.00269484
24490;0.00269324
24500;0.00269272
24510;0.00269413
24520;0.00269252
24530;0.00269203
24540;0.00269078
24550;0.00269223
24560;0.00269059
24570;0.00269018
24580;0.00269085
24590;0.00268915
24600;0.00268874
24610;0.00268858
24620;0.00268888
24630;0.00268722
24640;0.002686
24650;0.00268663
24660;0.00268506
24670;0.0026865
24680;0.00268602
24690;0.00268444
24700;0.00268396
24710;0.00268341
24720;0.00268217
24730;0.00268358
24740;0.00268235
24750;0.00268078
24760;0.00268216
24770;0.00267979
24780;0.00268126
24790;0.00268078
24800;0.00267914
24810;0.00267791
24820;0.00267741
24830;0.00267887
24840;0.00267725
24850;0.00267712
24860;0.00267746
24870;0.00267509
24880;0.00267645
24890;0.00267522
24900;0.00267446
24910;0.00267434
24920;0.00267267
24930;0.00267333
24940;0.00267363
24950;0.00267129
24960;0.00267156
24970;0.00267113
24980;0.00267179
24990;0.00267128
25000;0.00267084
25010;0.00266923
25020;0.00266878
25030;0.00266944
25040;0.00266705
25050;0.00266658
25060;0.00266722
25070;0.00266676
25080;0.00266522
25090;0.00266663
25100;0.0026661
25110;0.00266457
25120;0.00266408
25130;0.00266402
25140;0.0026643
25150;0.00266268
25160;0.00266335
25170;0.00266181
25180;0.00266131
25190;0.0026612
25200;0.00265964
25210;0.00265997
25220;0.00265948
25230;0.00265899
25240;0.00265777
25250;0.00265843
25260;0.00265685
25270;0.00265824
25280;0.00265602
25290;0.00265551
25300;0.00265576
25310;0.00265458
25320;0.00265592
25330;0.00265552
25340;0.00265434
25350;0.00265381
25360;0.00265302
25370;0.00265263
25380;0.00265217
25390;0.00265096
25400;0.00265047
25410;0.00265073
25420;0.0026514
25430;0.00264986
25440;0.00264866
25450;0.00264891
25460;0.00264845
25470;0.00264728
25480;0.00264754
25490;0.0026471
25500;0.00264697
25510;0.00264658
25520;0.00264613
25530;0.00264528
25540;0.00264515
25550;0.00264439
25560;0.00264495
25570;0.00264272
25580;0.002643
25590;0.00264287
25600;0.00264138
25610;0.00264092
25620;0.00264118
25630;0.00264
25640;0.00264032
25650;0.00264021
25660;0.00263973
25670;0.00263935
25680;0.00263957
25690;0.00263915
25700;0.00263689
25710;0.00263825
25720;0.00263671
25730;0.00263556
25740;0.00263508
25750;0.00263537
25760;0.00263492
25770;0.00263376
25780;0.00263403
25790;0.00263468
25800;0.0026332
25810;0.00263268
25820;0.00263154
25830;0.00263116
25840;0.00263065
25850;0.00263095
25860;0.00263053
25870;0.00263105
25880;0.00262886
25890;0.00262845
25900;0.00262876
25910;0.00262829
25920;0.00262813
25930;0.00262842
25940;0.00262619
25950;0.00262757
25960;0.00262711
25970;0.00262559
25980;0.00262445
25990;0.00262474
26000;0.00262535
26010;0.00262382
26020;0.00262338
26030;0.00262224
26040;0.00262256
26050;0.00262136
26060;0.00262193
26070;0.00262052
26080;0.00262181
26090;0.0026203
26100;0.00261989
26110;0.00261941
26120;0.00261999
26130;0.00261961
26140;0.00261841
26150;0.00261869
26160;0.00261822
26170;0.0026178
26180;0.00261665
26190;0.00261696
26200;0.00261652
26210;0.00261503
26220;0.00261565
26230;0.00261453
26240;0.00261302
26250;0.00261366
26260;0.00261315
26270;0.00261272
26280;0.00261196
26290;0.00261154
26300;0.00261109
26310;0.00260997
26320;0.00260954
26330;0.0026108
26340;0.00261043
26350;0.00260995
26360;0.00260781
26370;0.00260806
26380;0.00260694
26390;0.00260757
26400;0.00260675
26410;0.00260639
26420;0.00260589
26430;0.00260547
26440;0.00260437
26450;0.00260493
26460;0.00260521
26470;0.00260306
26480;0.00260332
26490;0.0026029
26500;0.00260179
26510;0.00260302
26520;0.00260092
26530;0.00260155
26540;0.00260179
26550;0.00260032
26560;0.00259993
26570;0.00259985
26580;0.0025984
26590;0.00259861
26600;0.00259819
26610;0.0025988
26620;0.00259732
26630;0.00259626
26640;0.00259577
26650;0.00259538
26660;0.00259561
26670;0.00259456
26680;0.00259578
26690;0.00259366
26700;0.00259425
26710;0.00259348
26720;0.00259343
26730;0.00259203
26740;0.0025932
26750;0.00259111
26760;0.00259235
26770;0.00259029
26780;0.0025909
26790;0.00258945
26800;0.00258899
26810;0.0025903
26820;0.00258818
26830;0.00258939
26840;0.00258896
26850;0.00258759
26860;0.00258745
26870;0.00258709
26880;0.00258667
26890;0.00258625
26900;0.00258546
26910;0.00258438
26920;0.00258397
26930;0.00258421
26940;0.0025848
26950;0.00258339
26960;0.00258225
26970;0.00258354
26980;0.0025831
26990;0.00258204
27000;0.00258222
27010;0.00258024
27020;0.00258042
27030;0.00258003
27040;0.00257958
27050;0.00258018
27060;0.00257878
27070;0.00257833
27080;0.00257792
27090;0.00257683
27100;0.00257641
27110;0.00257769
27120;0.00257656
27130;0.00257615
27140;0.00257476
27150;0.00257602
27160;0.00257393
27170;0.0025742
27180;0.00257312
27190;0.00257431
27200;0.00257395
27210;0.00257257
27220;0.00257212
27230;0.0025717
27240;0.00257069
27250;0.00257119
27260;0.00257148
27270;0.00257104
27280;0.00256995
27290;0.00256929
27300;0.00256982
27310;0.00256843
27320;0.00256735
27330;0.00256697
27340;0.00256653
27350;0.00256772
27360;0.00256636
27370;0.00256694
27380;0.00256583
27390;0.00256608
27400;0.00256471
27410;0.00256524
27420;0.0025639
27430;0.00256443
27440;0.00256248
27450;0.00256366
27460;0.00256232
27470;0.00256189
27480;0.00256145
27490;0.0025604
27500;0.00256064
27510;0.00256022
27520;0.0025608
27530;0.00255943
27540;0.00255907
27550;0.002558
27560;0.00255918
27570;0.00255717
27580;0.00255768
27590;0.00255699
27600;0.00255759
27610;0.00255554
27620;0.00255511
27630;0.00255537
27640;0.00255499
27650;0.00255548
27660;0.00255415
27670;0.0025538
27680;0.00255434
27690;0.00255392
27700;0.0025535
27710;0.00255153
27720;0.00255268
27730;0.00255134
27740;0.00255119
27750;0.00255049
27760;0.00255106
27770;0.00254972
27780;0.00255022
27790;0.0025483
27800;0.00254785
27810;0.00254901
27820;0.0025477
27830;0.00254762
27840;0.00254686
27850;0.00254744
27860;0.00254607
27870;0.00254566
27880;0.00254556
27890;0.00254583
27900;0.00254543
27910;0.00254345
27920;0.00254305
27930;0.00254359
27940;0.00254383
27950;0.00254248
27960;0.00254147
27970;0.00254105
27980;0.00254224
27990;0.00254184
28000;0.0025405
28010;0.00254009
28020;0.00253972
28030;0.00253865
28040;0.0025389
28050;0.00253941
28060;0.00253747
28070;0.00253715
28080;0.00253668
28090;0.00253789
28100;0.00253652
28110;0.00253549
28120;0.00253513
28130;0.00253569
28140;0.00253587
28150;0.00253461
28160;0.00253355
28170;0.00253376
28180;0.00253372
28190;0.00253326
28200;0.00253265
28210;0.00253158
28220;0.00253276
28230;0.00253236
28240;0.00253196
28250;0.00253006
28260;0.00253112
28270;0.00253075
28280;0.00252944
28290;0.00252904
28300;0.00252954
28310;0.00252921
28320;0.00252792
28330;0.00252753
28340;0.00252647
28350;0.00252669
28360;0.00252722
28370;0.00252534
28380;0.00252648
28390;0.00252514
28400;0.00252414
28410;0.00252379
28420;0.00252431
28430;0.00252298
28440;0.00252322
28450;0.00252219
28460;0.00252184
28470;0.00252235
28480;0.00252257
28490;0.00252127
28500;0.00252088
28510;0.00252048
28520;0.002521
28530;0.00252061
28540;0.00251957
28550;0.00251925
28560;0.00251791
28570;0.00251816
28580;0.00251776
28590;0.00251829
28600;0.00251791
28610;0.00251659
28620;0.00251648
28630;0.00251672
28640;0.00251571
28650;0.00251592
28660;0.00251558
28670;0.00251515
28680;0.00251391
28690;0.00251442
28700;0.00251317
28710;0.00251276
28720;0.00251176
28730;0.00251224
28740;0.00251105
28750;0.0025112
28760;0.00251174
28770;0.00251136
28780;0.00251094
28790;0.00250966
28800;0.00250956
28810;0.0025089
28820;0.00250796
28830;0.0025082
28840;0.00250777
28850;0.00250738
28860;0.002507
28870;0.00250668
28880;0.00250654
28890;0.00250524
28900;0.0025049
28910;0.0025051
28920;0.00250471
28930;0.00250526
28940;0.00250334
28950;0.00250298
28960;0.00250353
28970;0.00250223
28980;0.00250331
28990;0.00250239
29000;0.0025026
29010;0.00250074
29020;0.00250033
29030;0.00250139
29040;0.00250017
29050;0.00249979
29060;0.00249972
29070;0.00249901
29080;0.00249867
29090;0.00249914
29100;0.0024973
29110;0.00249694
29120;0.0024966
29130;0.0024976
29140;0.00249638
29150;0.00249546
29160;0.00249648
29170;0.00249525
29180;0.00249488
29190;0.00249391
29200;0.00249414
29210;0.00249408
29220;0.00249428
29230;0.00249244
29240;0.00249264
29250;0.00249316
29260;0.00249273
29270;0.00249151
29280;0.00249053
29290;0.00249163
29300;0.00249068
29310;0.00249033
29320;0.00248964
29330;0.00248956
29340;0.00248922
29350;0.00248795
29360;0.00248815
29370;0.00248778
29380;0.00248741
29390;0.00248705
29400;0.00248753
29410;0.00248713
29420;0.00248598
29430;0.00248581
29440;0.00248461
29450;0.00248486
29460;0.00248533
29470;0.00248347
29480;0.00248458
29490;0.00248361
29500;0.00248379
29510;0.00248206
29520;0.00248312
29530;0.00248273
29540;0.00248091
29550;0.00248111
29560;0.00248015
29570;0.00248043
29580;0.00248001
29590;0.00247908
29600;0.00247959
29610;0.00247834
29620;0.00247797
29630;0.0024776
29640;0.00247724
29650;0.00247828
29660;0.00247794
29670;0.00247613
29680;0.00247577
29690;0.00247538
29700;0.00247559
29710;0.00247466
29720;0.00247488
29730;0.00247531
29740;0.00247412
29750;0.00247375
29760;0.00247339
29770;0.0024725
29780;0.00247355
29790;0.00247318
29800;0.00247194
29810;0.00247245
29820;0.0024712
29830;0.00247031
29840;0.00246995
29850;0.00247039
29860;0.00247056
29870;0.00246883
29880;0.00246902
29890;0.00246866
29900;0.00246774
29910;0.00246793
29920;0.00246756
29930;0.00246749
29940;0.00246629
29950;0.00246735
29960;0.00246612
29970;0.00246657
29980;0.00246481
29990;0.00246533
