0;0.191165
10;0.0260427
20;0.00521405
30;-0.00534443
40;-0.00301185
50;-0.00654392
60;-0.00489429
70;-0.00775405
80;0.000837735
90;0.00127552
100;0.00352431
110;0.00892047
120;0.0108411
130;0.0167258
140;0.0213075
150;0.0119634
160;0.0144112
170;0.0194682
180;0.0128212
190;0.0289498
200;0.0248633
210;0.0341997
220;0.030102
230;0.0279138
240;0.0217403
250;0.022403
260;0.0227085
270;0.0199565
280;0.02496
290;0.0347876
300;0.0198693
310;0.0344334
320;0.0326924
330;0.0175156
340;0.0184381
350;0.0190795
360;0.0188257
370;0.0169694
380;0.0136314
390;0.028929
400;0.012317
410;0.015776
420;0.0137071
430;0.023954
440;0.0139321
450;0.0156438
460;0.010996
470;0.01261
480;0.0221925
490;0.0165121
500;0.0114231
510;0.0148487
520;0.0156291
530;0.0145241
540;0.0143291
550;0.0143307
560;0.0142328
570;0.0133001
580;0.0135153
590;0.0115301
600;0.0120092
610;0.0115238
620;0.0104283
630;0.0107776
640;0.0105244
650;0.0101319
660;0.0100209
670;0.00973907
680;0.00923893
690;0.00913315
700;0.00934875
710;0.00926845
720;0.00895143
730;0.00901653
740;0.00891774
750;0.00874709
760;0.00872804
770;0.00852287
780;0.00856713
790;0.00850267
800;0.00840288
810;0.00825922
820;0.00826509
830;0.00809232
840;0.00804821
850;0.00799997
860;0.0079495
870;0.00808565
880;0.00789148
890;0.00797307
900;0.00780416
910;0.00776642
920;0.00771159
930;0.00771496
940;0.00758554
950;0.00754105
960;0.00752783
970;0.00749186
980;0.0074494
990;0.00743509
1000;0.00734466
1010;0.00735726
1020;0.00728514
1030;0.00727716
1040;0.00718573
1050;0.00720207
1060;0.0071898
1070;0.00715116
1080;0.00706486
1090;0.00700819
1100;0.00697264
1110;0.00698308
1120;0.00690878
1130;0.00688769
1140;0.00683638
1150;0.00679851
1160;0.00685095
1170;0.00681343
1180;0.00676275
1190;0.00667422
1200;0.00666262
1210;0.00667188
1220;0.0065883
1230;0.00662545
1240;0.00656301
1250;0.00651458
1260;0.00648682
1270;0.00644512
1280;0.00643181
1290;0.00640415
1300;0.00639652
1310;0.00636535
1320;0.00632557
1330;0.0063454
1340;0.00626153
1350;0.00624613
1360;0.00626835
1370;0.00618569
1380;0.00617246
1390;0.00618786
1400;0.00615305
1410;0.00613032
1420;0.00607784
1430;0.00605343
1440;0.00604475
1450;0.00604497
1460;0.00598295
1470;0.00597658
1480;0.00595453
1490;0.00592858
1500;0.00589557
1510;0.00586437
1520;0.00586705
1530;0.0058304
1540;0.00580208
1550;0.00578099
1560;0.00578011
1570;0.00574145
1580;0.00572096
1590;0.00571181
1600;0.00568553
1610;0.00567297
1620;0.00566585
1630;0.00566641
1640;0.00564539
1650;0.00562867
1660;0.00558871
1670;0.00558004
1680;0.00557062
1690;0.00554116
1700;0.00551717
1710;0.00550604
1720;0.00548893
1730;0.0054552
1740;0.00543906
1750;0.00543307
1760;0.00539941
1770;0.00538314
1780;0.00539664
1790;0.0053633
1800;0.00533421
1810;0.00533002
1820;0.0052983
1830;0.00529269
1840;0.00529784
1850;0.00526534
1860;0.00523605
1870;0.00525078
1880;0.00520466
1890;0.00522026
1900;0.00520341
1910;0.00516007
1920;0.00516949
1930;0.00514538
1940;0.00513479
1950;0.00510757
1960;0.00509309
1970;0.00507908
1980;0.00505949
1990;0.00505115
2000;0.00505872
2010;0.00501851
2020;0.0050189
2030;0.00500515
2040;0.00499816
2050;0.0049686
2060;0.00495566
2070;0.00496177
2080;0.00493794
2090;0.00491469
2100;0.00492393
2110;0.00489148
2120;0.00488767
2130;0.00487396
2140;0.00485141
2150;0.00483921
2160;0.00484038
2170;0.00481682
2180;0.00481111
2190;0.00479375
2200;0.00479146
2210;0.00476927
2220;0.00476263
2230;0.00474214
2240;0.00474793
2250;0.00473909
2260;0.00470714
2270;0.00469657
2280;0.00468775
2290;0.00467248
2300;0.00467053
2310;0.00465479
2320;0.00464362
2330;0.0046385
2340;0.00463017
2350;0.00461479
2360;0.0046153
2370;0.00460129
2380;0.00459383
2390;0.00458241
2400;0.00455472
2410;0.00455513
2420;0.00455149
2430;0.00453176
2440;0.00452087
2450;0.00451232
2460;0.00450005
2470;0.00449171
2480;0.00447197
2490;0.00447401
2500;0.00445605
2510;0.00444659
2520;0.00444103
2530;0.00443253
2540;0.00443112
2550;0.00440789
2560;0.00439459
2570;0.00439469
2580;0.00438489
2590;0.00437019
2600;0.00436601
2610;0.00436464
2620;0.00434961
2630;0.00434298
2640;0.00432409
2650;0.0043143
2660;0.00431836
2670;0.00429433
2680;0.00428713
2690;0.00429231
2700;0.00428391
2710;0.00426813
2720;0.00425141
2730;0.00425246
2740;0.00424932
2750;0.00423249
2760;0.00423226
2770;0.00421109
2780;0.00420812
2790;0.00419527
2800;0.00418715
2810;0.00418298
2820;0.0041823
2830;0.00416244
2840;0.00415933
2850;0.00415778
2860;0.00413841
2870;0.00412784
2880;0.00412121
2890;0.00411321
2900;0.0041069
2910;0.00409656
2920;0.00410035
2930;0.00409328
2940;0.00408553
2950;0.00406838
2960;0.00407073
2970;0.00405307
2980;0.00405562
2990;0.00404053
3000;0.00403545
3010;0.00402564
3020;0.00402613
3030;0.00400656
3040;0.00400111
3050;0.00399161
3060;0.00399092
3070;0.00397882
3080;0.00397065
3090;0.00397416
3100;0.00396198
3110;0.00395633
3120;0.0039485
3130;0.00393792
3140;0.0039309
3150;0.00392401
3160;0.00392653
3170;0.00391759
3180;0.00391069
3190;0.0038956
3200;0.00389777
3210;0.00388117
3220;0.00387626
3230;0.00387016
3240;0.00386156
3250;0.00386061
3260;0.00385964
3270;0.00384254
3280;0.00384194
3290;0.0038303
3300;0.00382496
3310;0.00382748
3320;0.00381051
3330;0.00381352
3340;0.00380272
3350;0.00379371
3360;0.00379028
3370;0.00378996
3380;0.00377521
3390;0.00376922
3400;0.00377062
3410;0.00375703
3420;0.00374912
3430;0.00374893
3440;0.00373909
3450;0.00373183
3460;0.00372556
3470;0.00372135
3480;0.00371816
3490;0.00370971
3500;0.00370821
3510;0.00370597
3520;0.00369533
3530;0.00369441
3540;0.00367952
3550;0.00367394
3560;0.00366876
3570;0.00366309
3580;0.00366597
3590;0.0036514
3600;0.00364719
3610;0.00364038
3620;0.00363616
3630;0.00363388
3640;0.00363184
3650;0.00362237
3660;0.00362073
3670;0.00360746
3680;0.0036076
3690;0.00359836
3700;0.00359641
3710;0.00359505
3720;0.00358098
3730;0.00357644
3740;0.00357884
3750;0.00356911
3760;0.00356497
3770;0.00356324
3780;0.00354994
3790;0.00355002
3800;0.00354669
3810;0.0035421
3820;0.00353111
3830;0.00352613
3840;0.00352809
3850;0.00351621
3860;0.003514
3870;0.00350849
3880;0.0035072
3890;0.00349645
3900;0.00349794
3910;0.00349023
3920;0.00348535
3930;0.00348051
3940;0.00347181
3950;0.00347018
3960;0.00346211
3970;0.00345699
3980;0.0034564
3990;0.00344822
4000;0.00344565
4010;0.00343824
4020;0.00343691
4030;0.00343632
4040;0.0034274
4050;0.00342706
4060;0.00341888
4070;0.00341697
4080;0.00340648
4090;0.00340131
4100;0.0033969
4110;0.00339323
4120;0.00338852
4130;0.00338413
4140;0.00338574
4150;0.00338165
4160;0.00337387
4170;0.00336987
4180;0.00336858
4190;0.00335726
4200;0.00335381
4210;0.00335544
4220;0.00334464
4230;0.00334035
4240;0.00333552
4250;0.00333188
4260;0.00333392
4270;0.00332278
4280;0.00332526
4290;0.00331442
4300;0.0033141
4310;0.00331272
4320;0.00330611
4330;0.00330352
4340;0.00329491
4350;0.00329641
4360;0.00328933
4370;0.00328522
4380;0.00328116
4390;0.00327447
4400;0.00326938
4410;0.00326593
4420;0.00326789
4430;0.00325734
4440;0.00325367
4450;0.00325575
4460;0.00324876
4470;0.00324221
4480;0.00324409
4490;0.00323735
4500;0.00323095
4510;0.00322603
4520;0.00322747
4530;0.00322136
4540;0.00322083
4550;0.00321178
4560;0.00321012
4570;0.00320417
4580;0.0032027
4590;0.00320159
4600;0.00319539
4610;0.00318846
4620;0.00318738
4630;0.00318104
4640;0.00318073
4650;0.00317621
4660;0.00317034
4670;0.00316932
4680;0.00316297
4690;0.00315865
4700;0.00315996
4710;0.00315728
4720;0.00314847
4730;0.00314489
4740;0.00314093
4750;0.00313972
4760;0.00313938
4770;0.0031333
4780;0.00312651
4790;0.00312389
4800;0.00312289
4810;0.00311694
4820;0.00311276
4830;0.0031091
4840;0.00310815
4850;0.00310314
4860;0.00309942
4870;0.00309627
4880;0.00309439
4890;0.0030894
4900;0.00308804
4910;0.00308722
4920;0.00308096
4930;0.00307744
4940;0.00307188
4950;0.00306883
4960;0.00306589
4970;0.00306175
4980;0.00305925
4990;0.00305534
5000;0.00305422
5010;0.00304908
5020;0.00304619
5030;0.00304231
5040;0.00303906
5050;0.00303647
5060;0.00303722
5070;0.00302941
5080;0.0030291
5090;0.00302301
5100;0.00302051
5110;0.00301959
5120;0.00301598
5130;0.00301324
5140;0.00301214
5150;0.0030044
5160;0.00300384
5170;0.00299816
5180;0.00299537
5190;0.00299449
5200;0.00298843
5210;0.00298576
5220;0.00298307
5230;0.00297976
5240;0.00297836
5250;0.00297368
5260;0.00297255
5270;0.00296959
5280;0.00296432
5290;0.0029613
5300;0.00296067
5310;0.00295976
5320;0.00295231
5330;0.00294969
5340;0.00294847
5350;0.00294755
5360;0.00294316
5370;0.00294196
5380;0.00293522
5390;0.00293179
5400;0.00292887
5410;0.00292651
5420;0.00292509
5430;0.00292073
5440;0.00292161
5450;0.00291661
5460;0.0029118
5470;0.00291296
5480;0.00290955
5490;0.002905
5500;0.00290074
5510;0.00290177
5520;0.00289484
5530;0.00289235
5540;0.00289124
5550;0.00288677
5560;0.00288372
5570;0.00288434
5580;0.00287975
5590;0.00287504
5600;0.00287426
5610;0.00286976
5620;0.00286724
5630;0.00286834
5640;0.00286574
5650;0.00286112
5660;0.00285788
5670;0.00285327
5680;0.00285489
5690;0.00285031
5700;0.0028474
5710;0.00284509
5720;0.00284371
5730;0.0028374
5740;0.00283867
5750;0.00283556
5760;0.00282979
5770;0.0028309
5780;0.00282425
5790;0.00282566
5800;0.00282245
5810;0.00281648
5820;0.00281786
5830;0.00281528
5840;0.00280921
5850;0.00280621
5860;0.00280724
5870;0.00280277
5880;0.00280069
5890;0.00279769
5900;0.00279379
5910;0.0027949
5920;0.00279221
5930;0.00278969
5940;0.00278349
5950;0.00278125
5960;0.00278233
5970;0.00277627
5980;0.00277702
5990;0.00277128
6000;0.00276849
6010;0.00276663
6020;0.00276393
6030;0.00276346
6040;0.00276204
6050;0.00275856
6060;0.00275423
6070;0.00275357
6080;0.00274916
6090;0.00275029
6100;0.00274613
6110;0.00274216
6120;0.00273999
6130;0.00273718
6140;0.00273846
6150;0.00273244
6160;0.00273034
6170;0.00272774
6180;0.0027258
6190;0.00272348
6200;0.00272239
6210;0.00272042
6220;0.00271768
6230;0.00271372
6240;0.00271333
6250;0.00271091
6260;0.00270999
6270;0.00270476
6280;0.00270389
6290;0.00270012
6300;0.00269957
6310;0.00269581
6320;0.00269513
6330;0.00269127
6340;0.00269009
6350;0.00268772
6360;0.00268705
6370;0.00268332
6380;0.00268003
6390;0.00267885
6400;0.00267845
6410;0.00267335
6420;0.00267093
6430;0.00267038
6440;0.00266819
6450;0.00266404
6460;0.00266186
6470;0.00266163
6480;0.00266085
6490;0.00265728
6500;0.00265663
6510;0.00265114
6520;0.00264916
6530;0.00264701
6540;0.00264459
6550;0.00264257
6560;0.00264319
6570;0.00264006
6580;0.00263638
6590;0.00263727
6600;0.00263192
6610;0.0026314
6620;0.00262806
6630;0.00262577
6640;0.00262507
6650;0.00262275
6660;0.00262082
6670;0.00261994
6680;0.00261504
6690;0.00261344
6700;0.00261228
6710;0.00260931
6720;0.00260849
6730;0.00260663
6740;0.00260314
6750;0.00260206
6760;0.0026017
6770;0.00259688
6780;0.00259596
6790;0.00259299
6800;0.00259098
6810;0.00259158
6820;0.00258782
6830;0.00258494
6840;0.00258425
6850;0.00258094
6860;0.00257896
6870;0.00257653
6880;0.00257455
6890;0.00257303
6900;0.00257328
6910;0.00256893
6920;0.00256696
6930;0.00256755
6940;0.00256584
6950;0.00256124
6960;0.00256169
6970;0.00255864
6980;0.0025551
6990;0.00255484
7000;0.00255124
7010;0.00255056
7020;0.00254759
7030;0.00254547
7040;0.00254389
7050;0.00254156
7060;0.00254222
7070;0.00254074
7080;0.00253627
7090;0.00253439
7100;0.00253383
7110;0.00253317
7120;0.0025286
7130;0.00252644
7140;0.00252739
7150;0.00252561
7160;0.00252091
7170;0.00251924
7180;0.00251859
7190;0.0025155
7200;0.00251366
7210;0.00251327
7220;0.00251263
7230;0.00250817
7240;0.00250894
7250;0.00250424
7260;0.0025037
7270;0.00250074
7280;0.00250041
7290;0.00249851
7300;0.00249638
7310;0.00249349
7320;0.00249185
7330;0.00249118
7340;0.00248958
7350;0.0024862
7360;0.00248465
7370;0.00248544
7380;0.0024811
7390;0.00248072
7400;0.00247875
7410;0.00247566
7420;0.00247419
7430;0.00247472
7440;0.00247068
7450;0.00246866
7460;0.0024672
7470;0.00246529
7480;0.00246371
7490;0.00246197
7500;0.00246026
7510;0.00245816
7520;0.0024589
7530;0.00245743
7540;0.00245337
7550;0.00245167
7560;0.00245189
7570;0.00244825
7580;0.00244849
7590;0.00244474
7600;0.00244279
7610;0.00244375
7620;0.00244195
7630;0.00243897
7640;0.00243857
7650;0.00243552
7660;0.00243413
7670;0.00243229
7680;0.00242958
7690;0.00242993
7700;0.00242637
7710;0.00242471
7720;0.00242306
7730;0.00242241
7740;0.0024196
7750;0.00241809
7760;0.00241868
7770;0.00241447
7780;0.00241538
7790;0.00241366
7800;0.00240992
7810;0.00240805
7820;0.00240669
7830;0.00240472
7840;0.00240335
7850;0.00240186
7860;0.00240115
7870;0.00240061
7880;0.00239705
7890;0.00239545
7900;0.00239384
7910;0.00239226
7920;0.0023926
7930;0.00239013
7940;0.00238843
7950;0.00238796
7960;0.00238625
7970;0.00238276
7980;0.0023812
7990;0.00238066
8000;0.00237876
8010;0.00237853
8020;0.00237496
8030;0.00237328
8040;0.00237184
8050;0.00237205
8060;0.00236968
8070;0.00236706
8080;0.00236566
8090;0.002364
8100;0.0023626
8110;0.00236107
8120;0.00236153
8130;0.00235791
8140;0.00235855
8150;0.00235487
8160;0.00235419
8170;0.00235171
8180;0.00235248
8190;0.0023486
8200;0.00234945
8210;0.00234568
8220;0.00234612
8230;0.00234382
8240;0.00234119
8250;0.00233971
8260;0.00233927
8270;0.002338
8280;0.00233535
8290;0.00233502
8300;0.00233229
8310;0.00233104
8320;0.00233135
8330;0.00232999
8340;0.00232828
8350;0.00232592
8360;0.00232368
8370;0.00232287
8380;0.00232177
8390;0.00231932
8400;0.00231757
8410;0.00231631
8420;0.00231499
8430;0.00231354
8440;0.00231211
8450;0.00231168
8460;0.00231089
8470;0.00230946
8480;0.00230708
8490;0.00230659
8500;0.00230422
8510;0.0023019
8520;0.00230069
8530;0.00229907
8540;0.00229949
8550;0.00229817
8560;0.00229505
8570;0.00229365
8580;0.00229406
8590;0.00229063
8600;0.00229041
8610;0.00228887
8620;0.00228854
8630;0.00228515
8640;0.00228388
8650;0.00228311
8660;0.00228178
8670;0.00228058
8680;0.00227827
8690;0.00227671
8700;0.0022774
8710;0.00227415
8720;0.00227268
8730;0.00227337
8740;0.00226995
8750;0.00227064
8760;0.00226744
8770;0.00226791
8780;0.00226452
8790;0.00226338
8800;0.00226203
8810;0.00226048
8820;0.00225935
8830;0.00225802
8840;0.00225841
8850;0.00225513
8860;0.00225389
8870;0.00225267
8880;0.00225314
8890;0.00225002
8900;0.00225041
8910;0.00224888
8920;0.00224755
8930;0.00224473
8940;0.00224512
8950;0.00224183
8960;0.00224229
8970;0.00224125
8980;0.00223993
8990;0.00223687
9000;0.00223724
9010;0.00223426
9020;0.00223368
9030;0.00223252
9040;0.00223117
9050;0.00222908
9060;0.0022278
9070;0.00222736
9080;0.00222678
9090;0.00222473
9100;0.00222341
9110;0.00222209
9120;0.00222011
9130;0.00221875
9140;0.00221928
9150;0.00221793
9160;0.00221666
9170;0.00221459
9180;0.00221241
9190;0.00221207
9200;0.00221056
9210;0.00220847
9220;0.00220738
9230;0.0022071
9240;0.00220479
9250;0.00220374
9260;0.00220336
9270;0.00220202
9280;0.00219982
9290;0.00220045
9300;0.00219728
9310;0.0021962
9320;0.00219589
9330;0.00219534
9340;0.00219242
9350;0.00219198
9360;0.00219077
9370;0.00218895
9380;0.00218766
9390;0.00218652
9400;0.00218521
9410;0.00218399
9420;0.00218451
9430;0.00218225
9440;0.00218209
9450;0.00218088
9460;0.00217967
9470;0.00217847
9480;0.00217564
9490;0.00217445
9500;0.0021748
9510;0.0021736
9520;0.00217069
9530;0.00217031
9540;0.00216931
9550;0.00216731
9560;0.00216603
9570;0.00216485
9580;0.00216432
9590;0.00216314
9600;0.00216221
9610;0.00216092
9620;0.00215987
9630;0.00215771
9640;0.00215823
9650;0.00215547
9660;0.00215416
9670;0.00215473
9680;0.00215339
9690;0.00215247
9700;0.00214958
9710;0.00215016
9720;0.00214815
9730;0.00214694
9740;0.00214497
9750;0.00214547
9760;0.00214275
9770;0.00214245
9780;0.0021421
9790;0.00214095
9800;0.00213811
9810;0.00213867
9820;0.00213577
9830;0.00213463
9840;0.00213428
9850;0.00213252
9860;0.00213138
9870;0.00213096
9880;0.00213067
9890;0.00212883
9900;0.0021268
9910;0.00212639
9920;0.00212524
9930;0.00212434
9940;0.00212393
9950;0.00212211
9960;0.0021208
9970;0.00211892
9980;0.00211954
9990;0.00211672
10000;0.00211574
10010;0.00211457
10020;0.00211363
10030;0.00211387
10040;0.00211142
10050;0.00211033
10060;0.00210902
10070;0.00210807
10080;0.00210706
10090;0.00210597
10100;0.00210489
10110;0.00210441
10120;0.00210343
10130;0.00210309
10140;0.00210108
10150;0.00210019
10160;0.00209832
10170;0.00209717
10180;0.00209625
10190;0.00209656
10200;0.00209388
10210;0.00209281
10220;0.00209266
10230;0.00209163
10240;0.00208976
10250;0.00208947
10260;0.00208908
10270;0.00208802
10280;0.0020868
10290;0.00208596
10300;0.00208417
10310;0.00208221
10320;0.00208116
10330;0.00208031
10340;0.00207911
10350;0.00207873
10360;0.00207768
10370;0.00207592
10380;0.00207571
10390;0.00207405
10400;0.00207301
10410;0.00207261
10420;0.00207073
10430;0.0020713
10440;0.00206881
10450;0.00206842
10460;0.00206661
10470;0.00206579
10480;0.00206476
10490;0.00206499
10500;0.00206256
10510;0.00206215
10520;0.00206117
10530;0.00206096
10540;0.00205863
10550;0.00205899
10560;0.00205797
10570;0.00205559
10580;0.00205588
10590;0.0020535
10600;0.00205235
10610;0.00205154
10620;0.00205185
10630;0.00204947
10640;0.00204833
10650;0.00204753
10660;0.00204639
10670;0.00204614
10680;0.00204502
10690;0.00204419
10700;0.00204313
10710;0.00204269
10720;0.0020417
10730;0.0020409
10740;0.00203844
10750;0.00203814
10760;0.00203654
10770;0.00203695
10780;0.00203464
10790;0.00203499
10800;0.00203326
10810;0.00203156
10820;0.0020314
10830;0.00202956
10840;0.00202858
10850;0.00202767
10860;0.00202684
10870;0.00202579
10880;0.00202471
10890;0.00202374
10900;0.00202349
10910;0.00202181
10920;0.00202158
10930;0.00202118
10940;0.00201911
10950;0.00201809
10960;0.00201714
10970;0.00201681
10980;0.0020151
10990;0.00201426
11000;0.0020133
11010;0.00201224
11020;0.0020114
11030;0.00201047
11040;0.00200952
11050;0.00200864
11060;0.0020077
11070;0.00200803
11080;0.00200574
11090;0.00200608
11100;0.00200386
11110;0.00200345
11120;0.00200267
11130;0.00200237
11140;0.00200139
11150;0.00199912
11160;0.00199813
11170;0.00199725
11180;0.00199701
11190;0.00199553
11200;0.0019951
11210;0.00199431
11220;0.00199275
11230;0.00199235
11240;0.00199154
11250;0.00199123
11260;0.00198906
11270;0.00198809
11280;0.00198717
11290;0.00198632
11300;0.00198583
11310;0.00198572
11320;0.00198352
11330;0.00198316
11340;0.00198293
11350;0.00198085
11360;0.00198057
11370;0.00197886
11380;0.00197876
11390;0.00197717
11400;0.00197749
11410;0.00197593
11420;0.00197452
11430;0.00197362
11440;0.00197321
11450;0.00197299
11460;0.00197215
11470;0.0019706
11480;0.00196903
11490;0.00196942
11500;0.00196731
11510;0.00196637
11520;0.00196549
11530;0.00196592
11540;0.00196439
11550;0.00196398
11560;0.00196309
11570;0.00196234
11580;0.00196032
11590;0.00196005
11600;0.00195856
11610;0.00195762
11620;0.00195729
11630;0.00195695
11640;0.00195619
11650;0.00195479
11660;0.00195326
11670;0.00195229
11680;0.00195276
11690;0.0019513
11700;0.00194973
11710;0.00194959
11720;0.00194806
11730;0.00194726
11740;0.00194751
11750;0.00194613
11760;0.0019451
11770;0.00194424
11780;0.00194395
11790;0.00194204
11800;0.0019424
11810;0.00194154
11820;0.00193937
11830;0.00193852
11840;0.00193894
11850;0.00193693
11860;0.00193614
11870;0.00193518
11880;0.00193559
11890;0.00193361
11900;0.00193265
11910;0.00193188
11920;0.00193104
11930;0.00193025
11940;0.00192999
11950;0.00192961
11960;0.00192887
11970;0.00192737
11980;0.00192662
11990;0.00192518
12000;0.00192496
12010;0.00192352
12020;0.00192316
12030;0.00192299
12040;0.0019216
12050;0.00192138
12060;0.00191944
12070;0.00191861
12080;0.00191779
12090;0.00191797
12100;0.00191671
12110;0.00191643
12120;0.0019145
12130;0.00191479
12140;0.00191335
12150;0.00191205
12160;0.00191113
12170;0.00191027
12180;0.00190956
12190;0.00190936
12200;0.00190904
12210;0.00190823
12220;0.00190621
12230;0.0019054
12240;0.0019047
12250;0.00190443
12260;0.00190368
12270;0.00190327
12280;0.00190154
12290;0.00190069
12300;0.00190047
12310;0.00190012
12320;0.00189931
12330;0.00189862
12340;0.00189729
12350;0.00189687
12360;0.0018957
12370;0.00189436
12380;0.00189404
12390;0.00189266
12400;0.00189198
12410;0.00189104
12420;0.00189132
12430;0.00188999
12440;0.00188989
12450;0.00188911
12460;0.00188721
12470;0.00188637
12480;0.0018857
12490;0.00188536
12500;0.00188504
12510;0.00188436
12520;0.00188306
12530;0.00188285
12540;0.00188144
12550;0.00188024
12560;0.00187985
12570;0.00187859
12580;0.00187792
12590;0.00187819
12600;0.00187732
12610;0.00187611
12620;0.00187483
12630;0.00187459
12640;0.00187429
12650;0.00187248
12660;0.00187218
12670;0.00187203
12680;0.00187018
12690;0.00186947
12700;0.00186871
12710;0.00186897
12720;0.00186708
12730;0.0018668
12740;0.00186566
12750;0.0018649
12760;0.00186404
12770;0.00186427
12780;0.00186264
12790;0.00186226
12800;0.001862
12810;0.00186038
12820;0.00186064
12830;0.00185984
12840;0.00185812
12850;0.00185789
12860;0.00185707
12870;0.00185588
12880;0.00185609
12890;0.00185479
12900;0.00185464
12910;0.00185289
12920;0.00185215
12930;0.00185136
12940;0.00185162
12950;0.00185092
12960;0.00184955
12970;0.00184944
12980;0.00184766
12990;0.00184739
13000;0.00184675
13010;0.00184601
13020;0.00184472
13030;0.00184499
13040;0.00184331
13050;0.00184356
13060;0.00184228
13070;0.00184156
13080;0.00184039
13090;0.00183953
13100;0.0018393
13110;0.0018391
13120;0.00183788
13130;0.0018377
13140;0.00183697
13150;0.00183575
13160;0.00183556
13170;0.00183374
13180;0.00183412
13190;0.00183243
13200;0.00183158
13210;0.00183095
13220;0.00183015
13230;0.00183049
13240;0.00182876
13250;0.0018291
13260;0.00182742
13270;0.00182662
13280;0.00182649
13290;0.00182573
13300;0.00182458
13310;0.00182383
13320;0.00182312
13330;0.00182332
13340;0.00182219
13350;0.0018214
13360;0.00182021
13370;0.00181964
13380;0.00181893
13390;0.0018181
13400;0.00181744
13410;0.00181721
13420;0.00181659
13430;0.00181589
13440;0.00181468
13450;0.00181394
13460;0.00181373
13470;0.00181251
13480;0.00181237
13490;0.00181112
13500;0.00181099
13510;0.0018102
13520;0.00180913
13530;0.00180933
13540;0.00180872
13550;0.00180743
13560;0.00180721
13570;0.00180573
13580;0.00180551
13590;0.00180528
13600;0.00180357
13610;0.0018039
13620;0.00180268
13630;0.00180202
13640;0.0018014
13650;0.00180066
13660;0.00179957
13670;0.00179977
13680;0.00179866
13690;0.00179787
13700;0.00179672
13710;0.00179655
13720;0.0017955
13730;0.00179573
13740;0.00179415
13750;0.00179389
13760;0.00179363
13770;0.00179246
13780;0.00179179
13790;0.00179112
13800;0.00179007
13810;0.0017899
13820;0.00178911
13830;0.00178798
13840;0.00178744
13850;0.00178673
13860;0.00178611
13870;0.00178576
13880;0.00178466
13890;0.00178489
13900;0.00178337
13910;0.00178279
13920;0.00178257
13930;0.00178232
13940;0.00178081
13950;0.00178047
13960;0.00177937
13970;0.00177924
13980;0.00177903
13990;0.00177796
14000;0.00177771
14010;0.00177656
14020;0.00177635
14030;0.00177481
14040;0.00177469
14050;0.00177351
14060;0.00177334
14070;0.00177217
14080;0.00177239
14090;0.00177095
14100;0.00177118
14110;0.0017696
14120;0.00176892
14130;0.00176828
14140;0.00176858
14150;0.00176702
14160;0.00176689
14170;0.00176581
14180;0.00176604
14190;0.00176444
14200;0.00176388
14210;0.00176411
14220;0.001763
14230;0.00176283
14240;0.00176215
14250;0.00176108
14260;0.00175993
14270;0.00175937
14280;0.00175873
14290;0.00175802
14300;0.00175739
14310;0.00175687
14320;0.00175709
14330;0.00175549
14340;0.00175493
14350;0.00175434
14360;0.00175444
14370;0.00175381
14380;0.00175283
14390;0.00175182
14400;0.00175157
14410;0.00175045
14420;0.00175071
14430;0.00174927
14440;0.00174858
14450;0.00174849
14460;0.00174744
14470;0.00174723
14480;0.00174703
14490;0.00174557
14500;0.00174575
14510;0.00174505
14520;0.00174406
14530;0.00174298
14540;0.00174281
14550;0.00174185
14560;0.0017412
14570;0.00174134
14580;0.00174083
14590;0.0017401
14600;0.00173919
14610;0.00173812
14620;0.00173792
14630;0.00173772
14640;0.00173624
14650;0.00173559
14660;0.00173544
14670;0.0017349
14680;0.00173428
14690;0.00173357
14700;0.0017334
14710;0.00173242
14720;0.00173133
14730;0.00173165
14740;0.00173101
14750;0.00173041
14760;0.00172902
14770;0.00172875
14780;0.00172859
14790;0.00172751
14800;0.00172701
14810;0.00172601
14820;0.0017253
14830;0.00172514
14840;0.0017241
14850;0.00172395
14860;0.00172334
14870;0.00172238
14880;0.00172212
14890;0.00172119
14900;0.00172063
14910;0.0017208
14920;0.0017194
14930;0.00171885
14940;0.00171902
14950;0.00171766
14960;0.0017174
14970;0.00171688
14980;0.00171589
14990;0.0017157
15000;0.0017151
15010;0.00171412
15020;0.00171393
15030;0.00171291
15040;0.00171311
15050;0.00171216
15060;0.00171151
15070;0.00171055
15080;0.00170997
15090;0.00170932
15100;0.00170919
15110;0.00170826
15120;0.00170764
15130;0.00170705
15140;0.0017064
15150;0.00170589
15160;0.0017061
15170;0.00170469
15180;0.00170415
15190;0.0017035
15200;0.00170292
15210;0.00170238
15220;0.00170226
15230;0.00170208
15240;0.0017015
15250;0.00170004
15260;0.00169954
15270;0.00169977
15280;0.00169839
15290;0.00169859
15300;0.00169802
15310;0.00169745
15320;0.00169603
15330;0.00169557
15340;0.00169492
15350;0.0016952
15360;0.00169378
15370;0.00169368
15380;0.00169307
15390;0.00169212
15400;0.00169235
15410;0.00169102
15420;0.00169046
15430;0.00168989
15440;0.00168964
15450;0.00168873
15460;0.00168859
15470;0.00168801
15480;0.00168735
15490;0.00168648
15500;0.00168596
15510;0.0016854
15520;0.00168553
15530;0.00168428
15540;0.00168368
15550;0.00168313
15560;0.00168257
15570;0.00168205
15580;0.00168214
15590;0.00168094
15600;0.00168038
15610;0.00168048
15620;0.00167924
15630;0.00167869
15640;0.00167855
15650;0.00167792
15660;0.00167744
15670;0.00167641
15680;0.00167586
15690;0.00167541
15700;0.00167482
15710;0.00167431
15720;0.0016744
15730;0.00167315
15740;0.00167297
15750;0.00167279
15760;0.00167147
15770;0.00167139
15780;0.00167041
15790;0.00166994
15800;0.00167009
15810;0.00166955
15820;0.00166827
15830;0.00166776
15840;0.00166755
15850;0.00166738
15860;0.00166607
15870;0.00166556
15880;0.00166578
15890;0.00166448
15900;0.00166434
15910;0.00166413
15920;0.00166323
15930;0.00166269
15940;0.00166252
15950;0.00166201
15960;0.00166102
15970;0.00166012
15980;0.00165961
15990;0.00165911
16000;0.00165897
16010;0.00165843
16020;0.0016579
16030;0.00165734
16040;0.00165683
16050;0.0016562
16060;0.0016561
16070;0.00165482
16080;0.00165432
16090;0.00165454
16100;0.00165401
16110;0.00165309
16120;0.00165285
16130;0.00165171
16140;0.00165109
16150;0.00165095
16160;0.00165084
16170;0.00164957
16180;0.00164905
16190;0.00164892
16200;0.00164803
16210;0.00164777
16220;0.00164728
16230;0.00164637
16240;0.00164662
16250;0.00164577
16260;0.0016449
16270;0.00164473
16280;0.00164386
16290;0.0016436
16300;0.00164346
16310;0.00164224
16320;0.00164175
16330;0.0016412
16340;0.00164142
16350;0.00164093
16360;0.00163997
16370;0.00163948
16380;0.00163862
16390;0.00163817
16400;0.00163826
16410;0.00163778
16420;0.0016366
16430;0.00163612
16440;0.00163586
16450;0.00163507
16460;0.00163452
16470;0.00163438
16480;0.00163347
16490;0.00163305
16500;0.00163251
16510;0.00163272
16520;0.00163221
16530;0.00163168
16540;0.00163051
16550;0.00162994
16560;0.00162947
16570;0.001629
16580;0.00162843
16590;0.00162792
16600;0.00162776
16610;0.0016276
16620;0.00162715
16630;0.00162662
16640;0.00162614
16650;0.00162496
16660;0.00162511
16670;0.00162421
16680;0.00162413
16690;0.00162289
16700;0.00162276
16710;0.00162196
16720;0.00162146
16730;0.00162093
16740;0.00162079
16750;0.00161996
16760;0.00162011
16770;0.00161894
16780;0.00161839
16790;0.00161865
16800;0.00161812
16810;0.00161699
16820;0.0016168
16830;0.00161591
16840;0.00161548
16850;0.00161559
16860;0.00161446
16870;0.00161403
16880;0.0016142
16890;0.00161329
16900;0.0016125
16910;0.00161234
16920;0.00161215
16930;0.00161139
16940;0.00161057
16950;0.00161008
16960;0.00161019
16970;0.00160905
16980;0.00160865
16990;0.00160882
17000;0.00160833
17010;0.00160751
17020;0.0016073
17030;0.00160615
17040;0.0016057
17050;0.00160549
17060;0.00160468
17070;0.00160422
17080;0.00160413
17090;0.00160332
17100;0.0016031
17110;0.00160259
17120;0.00160187
17130;0.00160139
17140;0.00160088
17150;0.00160037
17160;0.00160019
17170;0.00159938
17180;0.00159923
17190;0.00159851
17200;0.00159868
17210;0.00159756
17220;0.001597
17230;0.0015966
17240;0.00159613
17250;0.00159588
17260;0.00159518
17270;0.00159526
17280;0.00159423
17290;0.00159376
17300;0.00159328
17310;0.0015931
17320;0.00159295
17330;0.00159186
17340;0.00159165
17350;0.00159123
17360;0.00159037
17370;0.00158998
17380;0.00158945
17390;0.00158904
17400;0.0015888
17410;0.00158802
17420;0.00158818
17430;0.0015878
17440;0.00158698
17450;0.00158646
17460;0.00158602
17470;0.0015853
17480;0.00158506
17490;0.00158436
17500;0.00158382
17510;0.00158404
17520;0.00158359
17530;0.00158279
17540;0.00158267
17550;0.00158186
17560;0.00158138
17570;0.00158065
17580;0.00158019
17590;0.00157973
17600;0.00157981
17610;0.00157938
17620;0.00157829
17630;0.00157814
17640;0.00157743
17650;0.00157753
17660;0.00157674
17670;0.00157602
17680;0.00157559
17690;0.00157567
17700;0.00157462
17710;0.00157419
17720;0.00157407
17730;0.00157353
17740;0.00157347
17750;0.00157232
17760;0.00157256
17770;0.00157172
17780;0.00157101
17790;0.00157119
17800;0.00157013
17810;0.00156967
17820;0.00156952
17830;0.001569
17840;0.00156832
17850;0.00156817
17860;0.00156769
17870;0.00156718
17880;0.00156682
17890;0.00156604
17900;0.00156559
17910;0.00156538
17920;0.00156494
17930;0.00156427
17940;0.00156374
17950;0.00156335
17960;0.00156293
17970;0.00156306
17980;0.00156203
17990;0.00156151
18000;0.00156169
18010;0.0015607
18020;0.00156017
18030;0.00155975
18040;0.00155988
18050;0.00155922
18060;0.00155899
18070;0.00155863
18080;0.00155753
18090;0.00155772
18100;0.00155668
18110;0.00155626
18120;0.00155574
18130;0.00155535
18140;0.00155516
18150;0.00155477
18160;0.00155431
18170;0.00155362
18180;0.00155318
18190;0.00155272
18200;0.0015526
18210;0.00155181
18220;0.00155143
18230;0.001551
18240;0.00155056
18250;0.00155007
18260;0.00155027
18270;0.00154976
18280;0.00154879
18290;0.00154867
18300;0.00154853
18310;0.00154743
18320;0.00154702
18330;0.00154686
18340;0.00154621
18350;0.00154634
18360;0.00154532
18370;0.00154486
18380;0.00154507
18390;0.00154405
18400;0.0015442
18410;0.00154319
18420;0.00154303
18430;0.00154226
18440;0.0015419
18450;0.00154205
18460;0.0015416
18470;0.00154119
18480;0.00154069
18490;0.00154005
18500;0.00153957
18510;0.00153883
18520;0.00153905
18530;0.00153863
18540;0.00153763
18550;0.00153718
18560;0.0015367
18570;0.00153664
18580;0.0015365
18590;0.00153548
18600;0.001535
18610;0.00153494
18620;0.00153423
18630;0.00153381
18640;0.00153339
18650;0.00153323
18660;0.00153309
18670;0.00153261
18680;0.00153191
18690;0.00153128
18700;0.00153078
18710;0.00153041
18720;0.00153023
18730;0.0015298
18740;0.00152946
18750;0.00152868
18760;0.0015286
18770;0.00152813
18780;0.00152807
18790;0.00152706
18800;0.00152718
18810;0.00152674
18820;0.00152581
18830;0.00152565
18840;0.00152495
18850;0.0015248
18860;0.0015244
18870;0.00152371
18880;0.00152388
18890;0.00152286
18900;0.00152247
18910;0.00152206
18920;0.00152225
18930;0.00152128
18940;0.0015208
18950;0.00152068
18960;0.00152025
18970;0.00151958
18980;0.00151915
18990;0.00151932
19000;0.00151833
19010;0.00151794
19020;0.00151806
19030;0.0015177
19040;0.00151732
19050;0.00151633
19060;0.00151588
19070;0.00151549
19080;0.00151534
19090;0.00151473
19100;0.00151485
19110;0.00151441
19120;0.00151351
19130;0.0015133
19140;0.00151262
19150;0.00151227
19160;0.00151209
19170;0.00151143
19180;0.00151135
19190;0.00151092
19200;0.00151051
19210;0.00150984
19220;0.00150946
19230;0.00150899
19240;0.00150866
19250;0.00150853
19260;0.00150779
19270;0.0015077
19280;0.00150726
19290;0.00150665
19300;0.00150623
19310;0.00150578
19320;0.00150538
19330;0.00150503
19340;0.0015049
19350;0.00150446
19360;0.00150383
19370;0.00150343
19380;0.0015036
19390;0.00150261
19400;0.00150273
19410;0.00150187
19420;0.00150147
19430;0.00150161
19440;0.00150114
19450;0.00150024
19460;0.00149984
19470;0.00149996
19480;0.00149963
19490;0.00149923
19500;0.00149824
19510;0.00149818
19520;0.00149801
19530;0.00149763
19540;0.00149669
19550;0.00149654
19560;0.00149648
19570;0.00149609
19580;0.0014954
19590;0.00149477
19600;0.00149487
19610;0.00149394
19620;0.0014936
19630;0.00149321
19640;0.00149309
19650;0.00149267
19660;0.00149231
19670;0.00149163
19680;0.00149122
19690;0.00149107
19700;0.00149049
19710;0.00149008
19720;0.00148997
19730;0.00148926
19740;0.00148939
19750;0.00148881
19760;0.00148817
19770;0.00148771
19780;0.00148758
19790;0.00148724
19800;0.00148688
19810;0.00148671
19820;0.00148585
19830;0.00148547
19840;0.00148506
19850;0.00148494
19860;0.00148455
19870;0.00148438
19880;0.00148405
19890;0.00148369
19900;0.00148305
19910;0.0014829
19920;0.00148254
19930;0.0014816
19940;0.00148149
19950;0.00148107
19960;0.00148069
19970;0.00148012
19980;0.00148
19990;0.00147959
20000;0.00147898
20010;0.00147909
20020;0.00147816
20030;0.00147784
20040;0.0014774
20050;0.00147728
20060;0.00147722
20070;0.00147634
20080;0.00147619
20090;0.00147558
20100;0.00147518
20110;0.00147533
20120;0.0014747
20130;0.00147405
20140;0.00147363
20150;0.00147326
20160;0.0014732
20170;0.00147255
20180;0.00147216
20190;0.00147183
20200;0.00147141
20210;0.00147127
20220;0.00147121
20230;0.00147084
20240;0.0014702
20250;0.00146959
20260;0.00146918
20270;0.00146933
20280;0.00146866
20290;0.00146859
20300;0.00146774
20310;0.00146761
20320;0.00146699
20330;0.00146712
20340;0.00146648
20350;0.00146582
20360;0.00146552
20370;0.00146512
20380;0.00146496
20390;0.00146434
20400;0.00146449
20410;0.0014639
20420;0.00146356
20430;0.00146287
20440;0.00146302
20450;0.00146218
20460;0.00146184
20470;0.00146172
20480;0.00146154
20490;0.00146074
20500;0.00146085
20510;0.00146001
20520;0.00146014
20530;0.00145978
20540;0.0014591
20550;0.00145851
20560;0.00145866
20570;0.0014583
20580;0.00145747
20590;0.00145753
20600;0.00145696
20610;0.00145632
20620;0.00145648
20630;0.00145588
20640;0.00145523
20650;0.00145517
20660;0.00145457
20670;0.00145421
20680;0.00145432
20690;0.00145343
20700;0.00145307
20710;0.00145275
20720;0.00145259
20730;0.00145247
20740;0.0014517
20750;0.00145154
20760;0.00145098
20770;0.0014506
20780;0.00145022
20790;0.0014501
20800;0.00145001
20810;0.00144919
20820;0.00144905
20830;0.00144896
20840;0.00144854
20850;0.0014477
20860;0.00144735
20870;0.00144703
20880;0.00144664
20890;0.00144654
20900;0.0014464
20910;0.00144605
20920;0.00144572
20930;0.00144489
20940;0.00144505
20950;0.00144468
20960;0.00144387
20970;0.00144375
20980;0.00144314
20990;0.00144322
21000;0.00144291
21010;0.00144258
21020;0.00144223
21030;0.00144141
21040;0.00144129
21050;0.00144118
21060;0.00144057
21070;0.00143998
21080;0.00143965
21090;0.00143928
21100;0.00143936
21110;0.00143854
21120;0.00143873
21130;0.0014381
21140;0.00143754
21150;0.00143719
21160;0.00143682
21170;0.00143651
21180;0.00143611
21190;0.00143627
21200;0.00143543
21210;0.00143513
21220;0.00143476
21230;0.00143437
21240;0.00143409
21250;0.0014337
21260;0.00143385
21270;0.0014335
21280;0.00143271
21290;0.00143281
21300;0.00143198
21310;0.00143212
21320;0.00143156
21330;0.00143093
21340;0.00143088
21350;0.00143024
21360;0.00143015
21370;0.00142961
21380;0.00142925
21390;0.00142891
21400;0.00142878
21410;0.00142825
21420;0.00142808
21430;0.00142751
21440;0.00142762
21450;0.00142706
21460;0.00142652
21470;0.00142616
21480;0.00142609
21490;0.0014255
21500;0.00142516
21510;0.00142485
21520;0.00142496
21530;0.00142411
21540;0.00142381
21550;0.00142347
21560;0.00142315
21570;0.00142305
21580;0.00142246
21590;0.00142237
21600;0.00142175
21610;0.00142147
21620;0.00142132
21630;0.00142077
21640;0.00142064
21650;0.00142033
21660;0.00141973
21670;0.00141989
21680;0.00141934
21690;0.00141876
21700;0.00141867
21710;0.00141809
21720;0.00141819
21730;0.00141788
21740;0.00141756
21750;0.00141698
21760;0.00141689
21770;0.00141611
21780;0.00141619
21790;0.00141584
21800;0.0014155
21810;0.00141521
21820;0.0014149
21830;0.00141412
21840;0.00141423
21850;0.00141345
21860;0.00141306
21870;0.00141279
21880;0.00141244
21890;0.00141213
21900;0.001412
21910;0.00141145
21920;0.00141155
21930;0.00141125
21940;0.00141048
21950;0.00141013
21960;0.00140978
21970;0.0014099
21980;0.00140939
21990;0.00140922
22000;0.00140845
22010;0.00140814
22020;0.00140808
22030;0.00140797
22040;0.00140716
22050;0.0014071
22060;0.00140649
22070;0.00140665
22080;0.00140588
22090;0.00140577
22100;0.00140523
22110;0.00140514
22120;0.00140458
22130;0.00140422
22140;0.00140393
22150;0.00140362
22160;0.00140324
22170;0.00140319
22180;0.00140263
22190;0.00140276
22200;0.00140199
22210;0.0014021
22220;0.00140134
22230;0.0014012
22240;0.00140109
22250;0.00140034
22260;0.00140027
22270;0.00139975
22280;0.00139943
22290;0.00139948
22300;0.00139877
22310;0.00139846
22320;0.00139831
22330;0.00139804
22340;0.0013975
22350;0.00139718
22360;0.00139705
22370;0.00139698
22380;0.00139666
22390;0.00139634
22400;0.00139559
22410;0.00139521
22420;0.00139511
22430;0.00139461
22440;0.00139448
22450;0.00139396
22460;0.00139388
22470;0.00139379
22480;0.00139326
22490;0.00139316
22500;0.00139259
22510;0.00139249
22520;0.00139199
22530;0.00139145
22540;0.00139109
22550;0.00139078
22560;0.00139052
22570;0.0013904
22580;0.00138985
22590;0.00138957
22600;0.00138947
22610;0.0013891
22620;0.00138882
22630;0.00138874
22640;0.001388
22650;0.0013879
22660;0.00138734
22670;0.00138705
22680;0.00138696
22690;0.00138659
22700;0.00138613
22710;0.00138602
22720;0.00138571
22730;0.00138538
22740;0.0013853
22750;0.00138472
22760;0.00138446
22770;0.00138395
22780;0.00138404
22790;0.00138332
22800;0.00138338
22810;0.00138307
22820;0.00138276
22830;0.00138248
22840;0.00138217
22850;0.00138143
22860;0.00138136
22870;0.00138083
22880;0.00138054
22890;0.00138023
22900;0.00138007
22910;0.0013798
22920;0.00137946
22930;0.00137938
22940;0.0013789
22950;0.00137876
22960;0.00137828
22970;0.00137775
22980;0.00137788
22990;0.00137731
23000;0.00137685
23010;0.00137696
23020;0.00137664
23030;0.00137635
23040;0.00137584
23050;0.00137548
23060;0.00137543
23070;0.0013747
23080;0.00137456
23090;0.00137407
23100;0.00137401
23110;0.00137385
23120;0.00137357
23130;0.00137289
23140;0.00137299
23150;0.00137223
23160;0.00137193
23170;0.00137183
23180;0.00137138
23190;0.00137107
23200;0.00137075
23210;0.00137086
23220;0.00137017
23230;0.00137005
23240;0.00136997
23250;0.00136926
23260;0.00136914
23270;0.00136866
23280;0.00136876
23290;0.00136826
23300;0.00136774
23310;0.00136742
23320;0.00136756
23330;0.00136686
23340;0.00136656
23350;0.00136626
23360;0.00136613
23370;0.00136587
23380;0.00136536
23390;0.00136525
23400;0.00136497
23410;0.00136485
23420;0.00136457
23430;0.00136386
23440;0.00136358
23450;0.00136346
23460;0.00136315
23470;0.00136284
23480;0.00136256
23490;0.00136248
23500;0.001362
23510;0.0013617
23520;0.00136119
23530;0.00136086
23540;0.00136098
23550;0.00136027
23560;0.00136042
23570;0.00136013
23580;0.00135944
23590;0.00135914
23600;0.00135904
23610;0.00135875
23620;0.00135826
23630;0.00135811
23640;0.00135767
23650;0.00135777
23660;0.00135709
23670;0.00135676
23680;0.0013567
23690;0.00135621
23700;0.00135606
23710;0.00135561
23720;0.00135531
23730;0.00135538
23740;0.00135475
23750;0.00135483
23760;0.00135451
23770;0.00135407
23780;0.00135378
23790;0.00135344
23800;0.001353
23810;0.00135309
23820;0.0013524
23830;0.00135211
23840;0.00135218
23850;0.00135189
23860;0.00135126
23870;0.00135094
23880;0.00135083
23890;0.00135078
23900;0.00135009
23910;0.00134982
23920;0.0013499
23930;0.00134961
23940;0.00134913
23950;0.00134863
23960;0.00134871
23970;0.00134826
23980;0.00134777
23990;0.0013475
24000;0.0013474
24010;0.00134711
24020;0.00134684
24030;0.00134637
24040;0.00134646
24050;0.00134598
24060;0.00134551
24070;0.00134538
24080;0.00134531
24090;0.00134465
24100;0.00134451
24110;0.00134427
24120;0.00134375
24130;0.00134346
24140;0.00134323
24150;0.00134294
24160;0.00134285
24170;0.00134257
24180;0.00134247
24190;0.00134176
24200;0.00134148
24210;0.00134121
24220;0.00134112
24230;0.00134067
24240;0.00134039
24250;0.0013403
24260;0.00133983
24270;0.00133954
24280;0.00133963
24290;0.00133898
24300;0.00133906
24310;0.0013384
24320;0.00133809
24330;0.00133823
24340;0.00133757
24350;0.00133762
24360;0.00133737
24370;0.00133711
24380;0.00133662
24390;0.00133614
24400;0.00133586
24410;0.00133599
24420;0.00133533
24430;0.00133505
24440;0.00133474
24450;0.00133448
24460;0.0013344
24470;0.00133391
24480;0.00133402
24490;0.00133357
24500;0.00133343
24510;0.00133279
24520;0.00133253
24530;0.00133227
24540;0.00133199
24550;0.00133172
24560;0.00133139
24570;0.00133153
24580;0.00133106
24590;0.00133061
24600;0.00133052
24610;0.00133006
24620;0.00132992
24630;0.00132986
24640;0.00132921
24650;0.00132894
24660;0.00132865
24670;0.0013284
24680;0.0013283
24690;0.00132799
24700;0.00132755
24710;0.0013273
24720;0.0013274
24730;0.00132674
24740;0.00132648
24750;0.00132658
24760;0.0013259
24770;0.00132582
24780;0.00132554
24790;0.0013251
24800;0.00132484
24810;0.00132456
24820;0.00132445
24830;0.00132398
24840;0.00132375
24850;0.00132367
24860;0.00132316
24870;0.00132308
24880;0.00132303
24890;0.00132236
24900;0.00132246
24910;0.0013222
24920;0.00132195
24930;0.00132126
24940;0.0013214
24950;0.00132077
24960;0.00132086
24970;0.00132038
24980;0.00131994
24990;0.00131966
25000;0.00131957
25010;0.00131951
25020;0.00131888
25030;0.0013186
25040;0.00131831
25050;0.00131807
25060;0.00131779
25070;0.00131752
25080;0.00131743
25090;0.00131733
25100;0.00131673
25110;0.00131643
25120;0.00131636
25130;0.00131593
25140;0.00131566
25150;0.0013154
25160;0.00131508
25170;0.00131522
25180;0.00131474
25190;0.00131428
25200;0.00131441
25210;0.00131415
25220;0.00131351
25230;0.00131325
25240;0.00131331
25250;0.00131306
25260;0.00131244
25270;0.00131218
25280;0.00131229
25290;0.00131166
25300;0.00131154
25310;0.00131128
25320;0.00131083
25330;0.00131061
25340;0.00131033
25350;0.00131023
25360;0.00130978
25370;0.00130953
25380;0.00130965
25390;0.00130919
25400;0.00130874
25410;0.00130866
25420;0.00130837
25430;0.00130796
25440;0.00130786
25450;0.00130758
25460;0.00130754
25470;0.00130693
25480;0.00130664
25490;0.00130641
25500;0.00130613
25510;0.00130588
25520;0.0013058
25530;0.00130571
25540;0.00130544
25550;0.00130498
25560;0.00130458
25570;0.00130449
25580;0.00130422
25590;0.0013038
25600;0.00130384
25610;0.00130325
25620;0.00130302
25630;0.00130274
25640;0.00130267
25650;0.00130259
25660;0.00130231
25670;0.00130205
25680;0.00130143
25690;0.00130136
25700;0.00130109
25710;0.00130066
25720;0.0013006
25730;0.00130032
25740;0.00130009
25750;0.00129961
25760;0.00129953
25770;0.00129927
25780;0.00129884
25790;0.0012988
25800;0.0012985
25810;0.00129827
25820;0.00129781
25830;0.00129759
25840;0.0012973
25850;0.00129723
25860;0.00129682
25870;0.00129692
25880;0.00129667
25890;0.00129622
25900;0.0012958
25910;0.00129588
25920;0.00129563
25930;0.001295
25940;0.00129512
25950;0.00129471
25960;0.00129426
25970;0.00129403
25980;0.00129377
25990;0.00129352
26000;0.00129339
26010;0.00129318
26020;0.0012931
26030;0.00129282
26040;0.00129241
26050;0.00129195
26060;0.00129171
26070;0.00129183
26080;0.00129156
26090;0.00129133
26100;0.00129087
26110;0.00129079
26120;0.00129057
26130;0.00129032
26140;0.00129005
26150;0.00128944
26160;0.00128939
26170;0.00128914
26180;0.0012887
26190;0.00128845
26200;0.0012882
26210;0.00128795
26220;0.00128785
26230;0.00128746
26240;0.00128737
26250;0.0012871
26260;0.00128701
26270;0.00128676
26280;0.00128621
26290;0.00128593
26300;0.00128588
26310;0.0012856
26320;0.00128517
26330;0.00128495
26340;0.00128469
26350;0.0012848
26360;0.00128453
26370;0.00128397
26380;0.00128406
26390;0.00128345
26400;0.00128338
26410;0.00128298
26420;0.00128273
26430;0.00128248
26440;0.00128236
26450;0.00128198
26460;0.00128171
26470;0.00128145
26480;0.0012814
26490;0.001281
26500;0.00128076
26510;0.00128051
26520;0.00128058
26530;0.00128017
26540;0.00127993
26550;0.00127983
26560;0.00127928
26570;0.00127936
26580;0.00127895
26590;0.00127867
26600;0.0012783
26610;0.00127822
26620;0.00127776
26630;0.00127789
26640;0.0012776
26650;0.00127707
26660;0.00127711
26670;0.00127657
26680;0.00127634
26690;0.00127626
26700;0.00127584
26710;0.00127594
26720;0.00127568
26730;0.00127524
26740;0.00127488
26750;0.0012748
26760;0.00127436
26770;0.00127431
26780;0.00127404
26790;0.00127365
26800;0.00127339
26810;0.00127348
26820;0.00127292
26830;0.00127269
26840;0.00127244
26850;0.00127218
26860;0.00127213
26870;0.0012717
26880;0.00127149
26890;0.00127141
26900;0.00127099
26910;0.00127105
26920;0.00127082
26930;0.00127056
26940;0.00127016
26950;0.0012698
26960;0.00126956
26970;0.00126932
26980;0.00126904
26990;0.00126896
27000;0.00126872
27010;0.00126836
27020;0.00126824
27030;0.00126803
27040;0.00126796
27050;0.0012674
27060;0.00126716
27070;0.00126709
27080;0.00126681
27090;0.00126657
27100;0.00126621
27110;0.00126629
27120;0.00126589
27130;0.00126577
27140;0.00126542
27150;0.00126516
27160;0.0012651
27170;0.0012645
27180;0.00126427
27190;0.00126407
27200;0.00126383
27210;0.00126358
27220;0.00126352
27230;0.00126312
27240;0.001263
27250;0.00126263
27260;0.00126241
27270;0.00126249
27280;0.00126208
27290;0.00126169
27300;0.00126147
27310;0.00126139
27320;0.00126127
27330;0.00126075
27340;0.0012605
27350;0.00126028
27360;0.00126002
27370;0.00125981
27380;0.00125986
27390;0.00125931
27400;0.0012591
27410;0.00125903
27420;0.00125865
27430;0.0012584
27440;0.00125816
27450;0.00125791
27460;0.00125803
27470;0.00125747
27480;0.00125739
27490;0.001257
27500;0.00125674
27510;0.00125655
27520;0.00125663
27530;0.00125608
27540;0.00125597
27550;0.00125577
27560;0.00125535
27570;0.00125544
27580;0.00125521
27590;0.00125468
27600;0.00125474
27610;0.00125423
27620;0.00125399
27630;0.00125389
27640;0.00125384
27650;0.00125329
27660;0.00125307
27670;0.00125283
27680;0.00125272
27690;0.00125252
27700;0.00125213
27710;0.00125206
27720;0.00125199
27730;0.00125157
27740;0.00125152
27750;0.00125127
27760;0.00125076
27770;0.00125052
27780;0.00125027
27790;0.00125005
27800;0.00124985
27810;0.00124976
27820;0.00124938
27830;0.00124932
27840;0.0012492
27850;0.00124869
27860;0.00124843
27870;0.00124837
27880;0.00124816
27890;0.00124779
27900;0.00124755
27910;0.00124745
27920;0.00124726
27930;0.00124686
27940;0.00124694
27950;0.00124638
27960;0.00124632
27970;0.00124611
27980;0.00124588
27990;0.00124581
28000;0.00124527
28010;0.00124505
28020;0.00124514
28030;0.00124473
28040;0.00124453
28050;0.00124428
28060;0.00124405
28070;0.00124397
28080;0.00124359
28090;0.00124355
28100;0.00124301
28110;0.00124309
28120;0.00124288
28130;0.00124247
28140;0.00124211
28150;0.00124201
28160;0.00124164
28170;0.00124144
28180;0.00124122
28190;0.00124114
28200;0.00124104
28210;0.00124085
28220;0.00124031
28230;0.0012401
28240;0.00124003
28250;0.00123962
28260;0.00123957
28270;0.00123921
28280;0.00123898
28290;0.00123872
28300;0.00123854
28310;0.00123831
28320;0.00123809
28330;0.00123798
28340;0.00123765
28350;0.00123756
28360;0.00123735
28370;0.00123725
28380;0.00123676
28390;0.00123683
28400;0.0012366
28410;0.00123624
28420;0.00123598
28430;0.00123562
28440;0.00123554
28450;0.00123534
28460;0.00123497
28470;0.00123504
28480;0.00123466
28490;0.00123462
28500;0.00123407
28510;0.00123414
28520;0.00123381
28530;0.00123343
28540;0.00123348
28550;0.00123315
28560;0.00123307
28570;0.00123256
28580;0.00123231
28590;0.00123227
28600;0.00123186
28610;0.00123179
28620;0.00123145
28630;0.00123135
28640;0.00123116
28650;0.0012308
28660;0.00123084
28670;0.00123066
28680;0.00123013
28690;0.00123018
28700;0.00122971
28710;0.0012296
28720;0.00122925
28730;0.00122906
28740;0.00122912
28750;0.0012289
28760;0.00122854
28770;0.00122833
28780;0.00122822
28790;0.00122774
28800;0.00122753
28810;0.00122745
28820;0.0012271
28830;0.00122699
28840;0.00122665
28850;0.00122657
28860;0.00122622
28870;0.00122612
28880;0.00122608
28890;0.00122573
28900;0.00122551
28910;0.00122543
28920;0.00122505
28930;0.00122483
28940;0.00122462
28950;0.00122427
28960;0.00122407
28970;0.00122413
28980;0.00122364
28990;0.00122353
29000;0.00122349
29010;0.00122299
29020;0.00122277
29030;0.00122284
29040;0.00122246
29050;0.00122211
29060;0.0012219
29070;0.00122181
29080;0.00122147
29090;0.00122142
29100;0.0012212
29110;0.00122082
29120;0.00122064
29130;0.00122068
29140;0.00122019
29150;0.00122029
29160;0.00121991
29170;0.00121957
29180;0.00121936
29190;0.00121913
29200;0.00121892
29210;0.00121886
29220;0.00121879
29230;0.00121828
29240;0.00121808
29250;0.001218
29260;0.00121764
29270;0.00121757
29280;0.00121748
29290;0.00121731
29300;0.00121681
29310;0.00121674
29320;0.00121639
29330;0.00121646
29340;0.00121622
29350;0.00121604
29360;0.00121582
29370;0.00121546
29380;0.00121526
29390;0.0012149
29400;0.00121467
29410;0.00121463
29420;0.00121426
29430;0.00121405
29440;0.001214
29450;0.00121378
29460;0.00121342
29470;0.00121322
29480;0.00121302
29490;0.00121293
29500;0.0012126
29510;0.00121264
29520;0.00121218
29530;0.00121211
29540;0.00121187
29550;0.0012117
29560;0.00121131
29570;0.00121114
29580;0.00121093
29590;0.00121072
29600;0.00121048
29610;0.00121029
29620;0.00121021
29630;0.00120988
29640;0.00120968
29650;0.0012096
29660;0.0012094
29670;0.0012093
29680;0.00120895
29690;0.00120862
29700;0.00120843
29710;0.00120848
29720;0.0012083
29730;0.00120809
29740;0.00120773
29750;0.00120736
29760;0.00120717
29770;0.0012071
29780;0.00120677
29790;0.00120656
29800;0.00120662
29810;0.00120628
29820;0.00120592
29830;0.00120571
29840;0.00120553
29850;0.00120533
29860;0.0012051
29870;0.00120505
29880;0.0012047
29890;0.0012045
29900;0.0012043
29910;0.0012041
29920;0.00120414
29930;0.00120368
29940;0.00120377
29950;0.00120327
29960;0.00120322
29970;0.00120286
29980;0.00120266
29990;0.00120274
