2.90302 -2.16569 
14.2171 -7.2756 
-0.59517 -2.88552 
-3.9213 3.12419 
-5.76715 -11.9624 
-3.89284 7.22426 
-2.45062 -5.05931 
6.13477 -3.86834 
9.81167 4.66489 
11.2597 -3.34504 
9.35088 -7.96209 
4.8306 -10.4797 
12.7815 -10.3639 
-4.68669 -8.4038 
-7.71507 4.28924 
6.74721 7.57374 
13.3803 6.94492 
2.16599 -6.22411 
7.30471 0.507435 
-0.336982 -10.4903 
7.35029 7.06684 
4.90198 4.75288 
0.949165 7.19281 
3.23663 1.57586 
-5.08894 -0.980814 
-7.72753 -4.81654 
-8.97341 -0.249164 
14.5373 5.8799 
0.00115927 3.99676 
-2.42134 0.213664 
