0 5.67222
1 3.50757
2 3.14839
3 2.86529
4 2.63441
5 2.41292
6 2.26715
7 2.17928
8 2.13558
9 2.10464
10 2.05535
11 2.00062
12 1.9846
13 1.97741
14 1.9714
15 1.96787
16 1.96737
17 1.96728
18 1.96728
19 1.96728
20 1.96728
21 1.96728
22 1.96728
23 1.96728
24 1.96728
25 1.96728
26 1.96728
27 1.96728
28 1.96728
29 1.96728
30 1.96728
31 1.96728
32 1.96728
33 1.96728
34 1.96728
35 1.96728
36 1.96728
37 1.96728
38 1.96728
39 1.96728
40 1.96728
41 1.96728
42 1.96728
43 1.96728
44 1.96728
45 1.96728
46 1.96728
47 1.96728
48 1.96728
49 1.96728
50 1.96728
51 1.96728
52 1.96728
53 1.96728
54 1.96728
55 1.96728
56 1.96728
57 1.96728
58 1.96728
59 1.96728
60 1.96728
61 1.96728
62 1.96728
63 1.96728
64 1.96728
65 1.96728
66 1.96728
67 1.96728
68 1.96728
69 1.96728
70 1.96728
71 1.96728
72 1.96728
73 1.96728
74 1.96728
75 1.96728
76 1.96728
77 1.96728
78 1.96728
79 1.96728
80 1.96728
81 1.96728
82 1.96728
83 1.96728
84 1.96728
85 1.96728
86 1.96728
87 1.96728
88 1.96728
89 1.96728
90 1.96728
91 1.96728
92 1.96728
93 1.96728
94 1.96728
95 1.96728
96 1.96728
97 1.96728
98 1.96728
99 1.96728
100 1.96728
101 1.96728
102 1.96728
103 1.96728
104 1.96728
105 1.96728
106 1.96728
107 1.96728
108 1.96728
109 1.96728
110 1.96728
111 1.96728
112 1.96728
113 1.96728
114 1.96728
115 1.96728
116 1.96728
117 1.96728
118 1.96728
119 1.96728
120 1.96728
121 1.96728
122 1.96728
123 1.96728
124 1.96728
125 1.96728
126 1.96728
127 1.96728
128 1.96728
129 1.96728
130 1.96728
131 1.96728
132 1.96728
133 1.96728
134 1.96728
135 1.96728
136 1.96728
137 1.96728
138 1.96728
139 1.96728
140 1.96728
141 1.96728
142 1.96728
143 1.96728
144 1.96728
145 1.96728
146 1.96728
147 1.96728
148 1.96728
149 1.96728
150 1.96728
151 1.96728
152 1.96728
153 1.96728
154 1.96728
155 1.96728
156 1.96728
157 1.96728
158 1.96728
159 1.96728
160 1.96728
161 1.96728
162 1.96728
163 1.96728
164 1.96728
165 1.96728
166 1.96728
167 1.96728
168 1.96728
169 1.96728
170 1.96728
171 1.96728
172 1.96728
173 1.96728
174 1.96728
175 1.96728
176 1.96728
177 1.96728
178 1.96728
179 1.96728
180 1.96728
181 1.96728
182 1.96728
183 1.96728
184 1.96728
185 1.96728
186 1.96728
187 1.96728
188 1.96728
189 1.96728
190 1.96728
191 1.96728
192 1.96728
193 1.96728
194 1.96728
195 1.96728
196 1.96728
197 1.96728
198 1.96728
199 1.96728
