Zestaw badawczy nr. 1 Wspolczynnik nauki = 0.1 Wspolczynnik momentum = 0.9 ILOSC EPOK = 2000 Uklad warstw sieci: 4-4-3-3
0 0.00592597
10 0.00545956
20 0.0054442
30 0.00545784
40 0.00545106
50 0.00545219
60 0.00541458
70 0.00545373
80 0.0054498
90 0.00546676
100 0.0054542
110 0.00545238
120 0.0054593
130 0.00544317
140 0.00545462
150 0.00545677
160 0.00546896
170 0.00543777
180 0.00546986
190 0.00545275
200 0.00546189
210 0.00543785
220 0.00544816
230 0.00545725
240 0.0054465
250 0.00543875
260 0.00545118
270 0.00543236
280 0.00546685
290 0.00542732
300 0.00545779
310 0.00545683
320 0.0054489
330 0.00545588
340 0.00542541
350 0.00545978
360 0.00542481
370 0.00545348
380 0.00545845
390 0.00546872
400 0.00543376
410 0.00547378
420 0.0054699
430 0.00545845
440 0.00543982
450 0.00546051
460 0.00547152
470 0.00543876
480 0.00542966
490 0.00546424
500 0.00546833
510 0.00542312
520 0.00545271
530 0.00543976
540 0.0054259
550 0.00545178
560 0.00544402
570 0.00542013
580 0.00543882
590 0.00539214
600 0.00544
610 0.00542257
620 0.00543868
630 0.00544994
640 0.00543559
650 0.00545309
660 0.00545492
670 0.00545657
680 0.00546363
690 0.00545432
700 0.00545135
710 0.00542144
720 0.0054347
730 0.00543921
740 0.00542674
750 0.00545724
760 0.00544577
770 0.00543715
780 0.00543418
790 0.00545857
800 0.00539114
810 0.00542979
820 0.00545396
830 0.00546554
840 0.00545352
850 0.00541471
860 0.0054509
870 0.00540863
880 0.00542055
890 0.00539795
900 0.00542371
910 0.00541844
920 0.00540351
930 0.00544149
940 0.00545114
950 0.00545478
960 0.00544351
970 0.00542617
980 0.00544014
990 0.00540321
1000 0.00542009
1010 0.00542634
1020 0.00541942
1030 0.00539642
1040 0.00540895
1050 0.00534862
1060 0.00544231
1070 0.00540244
1080 0.00542931
1090 0.00545091
1100 0.00546736
1110 0.00544535
1120 0.00537876
1130 0.00543439
1140 0.00544458
1150 0.00545765
1160 0.00538584
1170 0.00543828
1180 0.00544514
1190 0.00542608
1200 0.00543387
1210 0.00538449
1220 0.00541145
1230 0.00544899
1240 0.00542455
1250 0.00541481
1260 0.0054575
1270 0.00545884
1280 0.00546581
1290 0.00542241
1300 0.00543586
1310 0.00544315
1320 0.00543161
1330 0.00543584
1340 0.00541115
1350 0.00544387
1360 0.00541676
1370 0.00544215
1380 0.00544072
1390 0.00543386
1400 0.00544065
1410 0.0053771
1420 0.00541771
1430 0.00543593
1440 0.00542118
1450 0.00544047
1460 0.00539785
1470 0.0054436
1480 0.00543362
1490 0.00541356
1500 0.00544562
1510 0.00540936
1520 0.00538958
1530 0.0053914
1540 0.00540239
1550 0.00543203
1560 0.00542467
1570 0.00541713
1580 0.00543389
1590 0.00538845
1600 0.00541152
1610 0.00544281
1620 0.0054178
1630 0.00539727
1640 0.00531195
1650 0.00543461
1660 0.00541574
1670 0.00540084
1680 0.00538478
1690 0.00541858
1700 0.0054168
1710 0.0054537
1720 0.00534197
1730 0.00537279
1740 0.0053927
1750 0.00539109
1760 0.00541713
1770 0.00542337
1780 0.00543203
1790 0.00541566
1800 0.00529779
1810 0.00539177
1820 0.0053795
1830 0.00537836
1840 0.00540553
1850 0.00533681
1860 0.0054159
1870 0.00541248
1880 0.00538199
1890 0.0054351
1900 0.00539611
1910 0.00537032
1920 0.00528115
1930 0.00542753
1940 0.00543285
1950 0.00531934
1960 0.00539145
1970 0.00539953
1980 0.0053822
1990 0.00540976
